1749.538 135.9
1749.623 137.9
1749.707 140.2
1749.79 143.8
1749.874 146.4
1749.958 147.9
1750.042 148.4
1750.123 150.3
1750.204 153.9
1750.288 154.3
1750.371 147
1750.455 139.7
1750.538 138.8
1750.623 136.3
1750.707 131
1750.79 125.7
1750.874 121.5
1750.958 116
1751.042 111.3
1751.123 106.9
1751.204 99.2
1751.288 91.6
1751.371 86.2
1751.455 81.6
1751.538 77
1751.623 75
1751.707 77.3
1751.79 79.2
1751.874 79.4
1751.958 78.5
1752.042 78.6
1752.124 77.3
1752.206 75.5
1752.29 77.3
1752.373 79.6
1752.456 79.9
1752.54 80.3
1752.624 79.7
1752.708 76.7
1752.791 73.4
1752.874 70.3
1752.958 68.1
1753.042 63.6
1753.123 60.4
1753.204 61.1
1753.288 59.7
1753.371 57
1753.455 53.4
1753.538 48.1
1753.623 43
1753.707 37.9
1753.79 33.2
1753.874 30.4
1753.958 29
1754.042 28.5
1754.123 26.4
1754.204 23.2
1754.288 21.7
1754.371 21.2
1754.455 20.5
1754.538 21.1
1754.623 22.3
1754.707 23.3
1754.79 23.1
1754.874 21.2
1754.958 17.9
1755.042 15.3
1755.123 14
1755.204 14
1755.288 14.7
1755.371 14.2
1755.455 14.8
1755.538 16.1
1755.623 16
1755.707 15.6
1755.79 15.7
1755.874 16.8
1755.958 18.5
1756.042 19.1
1756.124 19
1756.206 18.8
1756.29 17.7
1756.373 17.7
1756.456 17.7
1756.54 17.1
1756.624 18.2
1756.708 20.6
1756.791 23.5
1756.874 26.7
1756.958 28.5
1757.042 29.9
1757.123 34.6
1757.204 39.6
1757.288 42.8
1757.371 47.4
1757.455 52.4
1757.538 55.7
1757.623 59.5
1757.707 63.2
1757.79 67.7
1757.874 71.2
1757.958 74
1758.042 77.6
1758.123 78
1758.204 78.7
1758.288 80.7
1758.371 79.5
1758.455 78.7
1758.538 80.1
1758.623 80.3
1758.707 79.6
1758.79 77.6
1758.874 76.1
1758.958 76.6
1759.042 77.4
1759.123 80.2
1759.204 83.5
1759.288 86
1759.371 87.8
1759.455 89
1759.538 91.3
1759.623 93.7
1759.707 96.7
1759.79 99.4
1759.874 101.8
1759.958 103.3
1760.042 104.2
1760.124 105.5
1760.206 104.7
1760.29 103
1760.373 103.3
1760.456 104.5
1760.54 105
1760.624 107.3
1760.708 109.9
1760.791 111.3
1760.874 114.7
1760.958 120.7
1761.042 126.1
1761.123 129.2
1761.204 133
1761.288 138.4
1761.371 143.1
1761.455 144.1
1761.538 141.3
1761.623 138.2
1761.707 134.5
1761.79 131.3
1761.874 125.8
1761.958 119.6
1762.042 113.8
1762.123 108
1762.204 104.2
1762.288 100.6
1762.371 98.4
1762.455 99.7
1762.538 102.8
1762.623 100.8
1762.707 97.2
1762.79 94.5
1762.874 92.1
1762.958 88.8
1763.042 87.3
1763.123 85.9
1763.204 83
1763.288 81.3
1763.371 78.6
1763.455 76.3
1763.538 75.4
1763.623 77.6
1763.707 79.9
1763.79 80.4
1763.874 81.3
1763.958 81.7
1764.042 79.7
1764.124 78.2
1764.206 75.7
1764.29 71.7
1764.373 68
1764.456 63.1
1764.54 58.1
1764.624 53.3
1764.708 49.9
1764.791 48
1764.874 45.4
1764.958 43.1
1765.042 42.2
1765.123 41.9
1765.204 41.1
1765.288 39.2
1765.371 37.4
1765.455 35.7
1765.538 34
1765.623 32.1
1765.707 31.9
1765.79 31.6
1765.874 30.9
1765.958 30.2
1766.042 27.4
1766.123 24
1766.204 21.4
1766.288 19.9
1766.371 18.7
1766.455 18.6
1766.538 20.1
1766.623 22.5
1766.707 24.2
1766.79 26.6
1766.874 28.6
1766.958 30.9
1767.042 34.3
1767.123 38.2
1767.204 43.4
1767.288 48.8
1767.371 54.9
1767.455 60.7
1767.538 64.9
1767.623 69.2
1767.707 71.9
1767.79 72.8
1767.874 76.8
1767.958 83.2
1768.042 88.4
1768.124 92.4
1768.206 96.4
1768.29 101
1768.373 105.8
1768.456 112.4
1768.54 117.8
1768.624 119.1
1768.708 120.2
1768.791 125.2
1768.874 128.7
1768.958 129.6
1769.042 135.4
1769.123 143.7
1769.204 152.5
1769.288 163.2
1769.371 172.8
1769.455 176.8
1769.538 178.9
1769.623 186.4
1769.707 193
1769.79 190.9
1769.874 187.5
1769.958 186.5
1770.042 185.1
1770.123 184.9
1770.204 182.2
1770.288 175.3
1770.371 170.4
1770.455 168.7
1770.538 163.3
1770.623 151.9
1770.707 142.9
1770.79 141.5
1770.874 148.2
1770.958 156.5
1771.042 156.1
1771.123 148.4
1771.204 143.5
1771.288 142.3
1771.371 139.1
1771.455 136.4
1771.538 140.5
1771.623 148.1
1771.707 150.1
1771.79 150.9
1771.874 144.8
1771.958 132.5
1772.042 128.9
1772.124 129.4
1772.206 125.7
1772.29 121.4
1772.373 117.9
1772.456 113
1772.54 107.6
1772.624 100.1
1772.708 97.2
1772.791 94.5
1772.874 90.6
1772.958 88.8
1773.042 83.4
1773.123 76.9
1773.204 72.4
1773.288 67.3
1773.371 62.3
1773.455 59.4
1773.538 57.4
1773.623 59.4
1773.707 62.2
1773.79 63.3
1773.874 64.8
1773.958 65.5
1774.042 64.8
1774.123 63.7
1774.204 61.8
1774.288 59.4
1774.371 56.9
1774.455 53.2
1774.538 48.1
1774.623 40.6
1774.707 33
1774.79 27.7
1774.874 22.1
1774.958 17.7
1775.042 15.4
1775.123 14.4
1775.204 14.1
1775.288 13.2
1775.371 12.5
1775.455 12
1775.538 12.9
1775.623 14.9
1775.707 15.3
1775.79 15.7
1775.874 16.9
1775.958 17.9
1776.042 18.4
1776.124 19.5
1776.206 21.5
1776.29 24.1
1776.373 27.2
1776.456 30.8
1776.54 34.7
1776.624 38
1776.708 42
1776.791 49.4
1776.874 59.3
1776.958 68.4
1777.042 79.2
1777.123 91.8
1777.204 104.9
1777.288 117.1
1777.371 130.2
1777.455 146
1777.538 163.4
1777.623 177.6
1777.707 189.3
1777.79 199.3
1777.874 213.7
1777.958 231.1
1778.042 241.4
1778.123 247.4
1778.204 253.2
1778.288 260.5
1778.371 264.3
1778.455 260.9
1778.538 252.9
1778.623 252.5
1778.707 255.3
1778.79 254.2
1778.874 247.3
1778.958 236.4
1779.042 231.7
1779.123 229.1
1779.204 222.9
1779.288 216.5
1779.371 211.7
1779.455 209.5
1779.538 206.8
1779.623 199
1779.707 192.9
1779.79 188
1779.874 182.3
1779.958 178.2
1780.042 172.5
1780.124 166.7
1780.206 163.7
1780.29 159.2
1780.373 152.2
1780.456 144.9
1780.54 143.3
1780.624 143.7
1780.708 139
1780.791 134
1780.874 131.9
1780.958 132.4
1781.042 132.2
1781.123 130
1781.204 125.6
1781.288 119.2
1781.371 116.3
1781.455 115.1
1781.538 110.4
1781.623 104.7
1781.707 101
1781.79 98
1781.874 92.6
1781.958 85
1782.042 78.3
1782.123 74.2
1782.204 71.5
1782.288 70
1782.371 67.3
1782.455 64.5
1782.538 62.3
1782.623 60.6
1782.707 59.9
1782.79 58.3
1782.874 55.3
1782.958 52.2
1783.042 51
1783.123 49
1783.204 46.2
1783.288 44.1
1783.371 41.9
1783.455 39.4
1783.538 37
1783.623 33.8
1783.707 30.6
1783.79 28.2
1783.874 25.7
1783.958 23.4
1784.042 20.5
1784.124 18
1784.206 16.7
1784.29 16.2
1784.373 16.3
1784.456 16.7
1784.54 16.5
1784.624 16
1784.708 15.9
1784.791 16.2
1784.874 17.6
1784.958 19.8
1785.042 23.1
1785.123 25.9
1785.204 28.1
1785.288 32.4
1785.371 36.7
1785.455 39.2
1785.538 42.3
1785.623 47.2
1785.707 52.6
1785.79 60.1
1785.874 69.9
1785.958 77.2
1786.042 82.7
1786.123 90.8
1786.204 101.1
1786.288 111.2
1786.371 121
1786.455 132.2
1786.538 144.9
1786.623 155.7
1786.707 162.5
1786.79 168.2
1786.874 174
1786.958 179.8
1787.042 185.7
1787.123 192.1
1787.204 198.6
1787.288 204.9
1787.371 209.8
1787.455 215.8
1787.538 220.3
1787.623 222.1
1787.707 227.6
1787.79 230.2
1787.874 227.4
1787.958 229.7
1788.042 234.4
1788.124 235.3
1788.206 234.1
1788.29 231.9
1788.373 227.6
1788.456 221.3
1788.54 216.5
1788.624 214.6
1788.708 212.7
1788.791 212.1
1788.874 213.8
1788.958 212.2
1789.042 208.1
1789.123 204.1
1789.204 199.8
1789.288 194.2
1789.371 193.3
1789.455 196.4
1789.538 196.1
1789.623 195.5
1789.707 194
1789.79 190.3
1789.874 186.1
1789.958 182
1790.042 176.7
1790.123 172.3
1790.204 168.7
1790.288 166
1790.371 162
1790.455 154.1
1790.538 147.7
1790.623 141.1
1790.707 135
1790.79 132.2
1790.874 129.7
1790.958 126.5
1791.042 124.8
1791.123 121.9
1791.204 118.1
1791.288 115.7
1791.371 113.1
1791.455 111.5
1791.538 109.9
1791.623 109.1
1791.707 108.4
1791.79 107.6
1791.874 106.7
1791.958 105.6
1792.042 103.7
1792.124 103.1
1792.206 103.7
1792.29 103
1792.373 102.2
1792.456 100.8
1792.54 99.9
1792.624 99.2
1792.708 98
1792.791 95.9
1792.874 93.7
1792.958 92.3
1793.042 91.9
1793.123 90.1
1793.204 85.5
1793.288 82.2
1793.371 80.5
1793.455 78.9
1793.538 77.4
1793.623 75.9
1793.707 73.9
1793.79 71
1793.874 69.5
1793.958 69.1
1794.042 67.8
1794.123 67.9
1794.204 67.7
1794.288 65.6
1794.371 65.9
1794.455 67.9
1794.538 66.7
1794.623 64.8
1794.707 62.7
1794.79 60.3
1794.874 57.9
1794.958 54.5
1795.042 50.8
1795.123 47.9
1795.204 47.1
1795.288 46.6
1795.371 43
1795.455 37.8
1795.538 35.5
1795.623 34.4
1795.707 33.5
1795.79 34.6
1795.874 34.9
1795.958 33.4
1796.042 33.7
1796.124 33
1796.206 31.6
1796.29 31.4
1796.373 29.6
1796.456 27.6
1796.54 26.2
1796.624 24.3
1796.708 22.1
1796.791 19.4
1796.874 16.5
1796.958 15.9
1797.042 14.6
1797.123 13.3
1797.204 12.8
1797.288 11.6
1797.371 11.1
1797.455 10.8
1797.538 9.8
1797.623 8.9
1797.707 9.5
1797.79 9.9
1797.874 9.2
1797.958 7.9
1798.042 6.8
1798.123 6.3
1798.204 5.9
1798.288 5.3
1798.371 5.4
1798.455 6.3
1798.538 6.7
1798.623 7.3
1798.707 8.6
1798.79 9.7
1798.874 10.8
1798.958 12.1
1799.042 13
1799.123 12.9
1799.204 12.5
1799.288 12.6
1799.371 12.1
1799.455 11.4
1799.538 11.6
1799.623 11.8
1799.707 11
1799.79 9.9
1799.874 9.1
1799.958 9.8
1800.042 12
1800.123 14.6
1800.204 16.8
1800.288 18.1
1800.371 19.2
1800.455 21.9
1800.538 25.5
1800.623 28.3
1800.707 30.8
1800.79 34
1800.874 38.1
1800.958 40.5
1801.042 42
1801.123 44.3
1801.204 47.1
1801.288 50.1
1801.371 53.5
1801.455 56.1
1801.538 58.1
1801.623 60.8
1801.707 62.8
1801.79 64.3
1801.874 65.9
1801.958 67.8
1802.042 69.7
1802.123 71.4
1802.204 73.4
1802.288 75.1
1802.371 75.2
1802.455 74.9
1802.538 75.2
1802.623 75.6
1802.707 75.1
1802.79 73.1
1802.874 72
1802.958 71.3
1803.042 70.6
1803.123 69.5
1803.204 68
1803.288 68.6
1803.371 70.9
1803.455 71.9
1803.538 71.4
1803.623 70.9
1803.707 72
1803.79 75.1
1803.874 76.1
1803.958 75.3
1804.042 73.9
1804.124 73.3
1804.206 74.4
1804.29 75.5
1804.373 76.7
1804.456 78.3
1804.54 80.2
1804.624 81
1804.708 80.9
1804.791 80.3
1804.874 79.8
1804.958 80.5
1805.042 81.5
1805.123 82
1805.204 81.4
1805.288 78.5
1805.371 74.8
1805.455 71.9
1805.538 68.9
1805.623 66.3
1805.707 64
1805.79 62.1
1805.874 60.5
1805.958 58.6
1806.042 57
1806.123 55.4
1806.204 52.8
1806.288 51.2
1806.371 49.9
1806.455 47.8
1806.538 45
1806.623 41.9
1806.707 39.1
1806.79 37.2
1806.874 35.8
1806.958 33.7
1807.042 31.6
1807.123 29.4
1807.204 27.1
1807.288 24.5
1807.371 21.6
1807.455 18.4
1807.538 15.9
1807.623 14.6
1807.707 13.4
1807.79 11.9
1807.874 11.3
1807.958 11.7
1808.042 11.4
1808.124 10.7
1808.206 10.8
1808.29 11
1808.373 11.3
1808.456 12.7
1808.54 14.1
1808.624 14.9
1808.708 15.3
1808.791 14.7
1808.874 13.2
1808.958 12
1809.042 11.1
1809.123 10.1
1809.204 8.8
1809.288 7.7
1809.371 6.7
1809.455 5.1
1809.538 3.7
1809.623 2.6
1809.707 1.9
1809.79 1.6
1809.874 1.3
1809.958 0.7
1810.042 0.1
1810.123 0.1
1810.204 0
1810.288 0
1810.371 0
1810.455 0
1810.538 0
1810.623 0
1810.707 0
1810.79 0
1810.874 0
1810.958 0
1811.042 0.5
1811.123 0.9
1811.204 1.1
1811.288 1.7
1811.371 2.2
1811.455 2.3
1811.538 3.1
1811.623 4.1
1811.707 4.2
1811.79 4.3
1811.874 4.4
1811.958 4.5
1812.042 4.2
1812.124 4.9
1812.206 6.1
1812.29 6.2
1812.373 6.5
1812.456 7.6
1812.54 7.5
1812.624 7.3
1812.708 7.9
1812.791 9.2
1812.874 10.6
1812.958 11.6
1813.042 13.6
1813.123 14.3
1813.204 14.5
1813.288 16.9
1813.371 19.1
1813.455 20
1813.538 21.9
1813.623 23.5
1813.707 23.9
1813.79 24.7
1813.874 25.2
1813.958 25.5
1814.042 25.7
1814.123 25.3
1814.204 24.4
1814.288 23.3
1814.371 22.6
1814.455 22.8
1814.538 23
1814.623 24.2
1814.707 27
1814.79 29
1814.874 29.8
1814.958 33
1815.042 37
1815.123 41.3
1815.204 46
1815.288 48.6
1815.371 51.2
1815.455 55.9
1815.538 59.5
1815.623 62.5
1815.707 68.4
1815.79 73.6
1815.874 77.8
1815.958 79.4
1816.042 78.8
1816.124 77.3
1816.206 76.8
1816.29 79.5
1816.373 81.2
1816.456 78.8
1816.54 77.1
1816.624 77
1816.708 77.8
1816.791 77.1
1816.874 73.3
1816.958 71.4
1817.042 71.9
1817.123 74.2
1817.204 75
1817.288 72.1
1817.371 69.3
1817.455 68.5
1817.538 68.3
1817.623 65.8
1817.707 58.4
1817.79 54
1817.874 56.8
1817.958 58.8
1818.042 57
1818.123 54.6
1818.204 52.9
1818.288 52.6
1818.371 51.7
1818.455 50.3
1818.538 50
1818.623 49.7
1818.707 48.1
1818.79 45.6
1818.874 42.3
1818.958 39.9
1819.042 40
1819.123 39.9
1819.204 38.7
1819.288 37.6
1819.371 38.3
1819.455 39.6
1819.538 39
1819.623 38.5
1819.707 38.9
1819.79 38.9
1819.874 39.6
1819.958 38.6
1820.042 36.1
1820.124 35.3
1820.206 34.6
1820.29 32.7
1820.373 30.2
1820.456 27.5
1820.54 26.2
1820.624 24.8
1820.708 23.3
1820.791 22.7
1820.874 20
1820.958 17.5
1821.042 15.6
1821.123 12.9
1821.204 11.4
1821.288 12
1821.371 12.5
1821.455 11.6
1821.538 9.5
1821.623 7.8
1821.707 8.3
1821.79 9.3
1821.874 9.5
1821.958 9.8
1822.042 10.4
1822.123 10.6
1822.204 10.1
1822.288 8.5
1822.371 6.9
1822.455 6.6
1822.538 6.6
1822.623 6.5
1822.707 5.4
1822.79 3.4
1822.874 2.4
1822.958 1.9
1823.042 1
1823.123 0.3
1823.204 0.2
1823.288 0.2
1823.371 0.2
1823.455 1.6
1823.538 4.5
1823.623 6.7
1823.707 7.4
1823.79 8.7
1823.874 10.3
1823.958 10.5
1824.042 10.4
1824.124 10.5
1824.206 12
1824.29 15.2
1824.373 17
1824.456 15.6
1824.54 13.1
1824.624 12.3
1824.708 14.2
1824.791 14.6
1824.874 14.4
1824.958 16.4
1825.042 19.6
1825.123 23.4
1825.204 24.8
1825.288 23.8
1825.371 23.9
1825.455 26.2
1825.538 28.6
1825.623 29.6
1825.707 30.8
1825.79 33.2
1825.874 35.8
1825.958 38.4
1826.042 41.4
1826.123 43.9
1826.204 45.1
1826.288 47.8
1826.371 52.1
1826.455 57.2
1826.538 61.6
1826.623 64.8
1826.707 68.3
1826.79 71.3
1826.874 74.5
1826.958 77.5
1827.042 78.2
1827.123 78.5
1827.204 81.6
1827.288 84.1
1827.371 85
1827.455 84.1
1827.538 83.8
1827.623 86.3
1827.707 88
1827.79 89.5
1827.874 92.9
1827.958 98
1828.042 101.7
1828.124 104.1
1828.206 105.8
1828.29 105.7
1828.373 106.2
1828.456 106.9
1828.54 106.3
1828.624 104.6
1828.708 104
1828.791 106.9
1828.874 107.7
1828.958 104.5
1829.042 105.4
1829.123 108
1829.204 108.3
1829.288 108.6
1829.371 109.5
1829.455 110.9
1829.538 112.3
1829.623 114.5
1829.707 116.9
1829.79 118.5
1829.874 119.2
1829.958 118.6
1830.042 114.7
1830.123 109.5
1830.204 108.3
1830.288 110.9
1830.371 113.7
1830.455 116.4
1830.538 117.9
1830.623 116
1830.707 115.1
1830.79 112.1
1830.874 106.6
1830.958 102.4
1831.042 100.3
1831.123 100.7
1831.204 99.3
1831.288 95
1831.371 89.7
1831.455 83.4
1831.538 78.6
1831.623 77.8
1831.707 75.5
1831.79 70.9
1831.874 69.2
1831.958 69
1832.042 66.4
1832.124 61
1832.206 55.7
1832.29 51.9
1832.373 48.1
1832.456 46
1832.54 44.5
1832.624 40.3
1832.708 34.5
1832.791 29.8
1832.874 26.2
1832.958 22.4
1833.042 20.1
1833.123 19.4
1833.204 19.5
1833.288 18.7
1833.371 17.2
1833.455 15.4
1833.538 13.8
1833.623 13.5
1833.707 13.2
1833.79 12.6
1833.874 12.2
1833.958 12.4
1834.042 13
1834.123 13
1834.204 12.9
1834.288 14.1
1834.371 17
1834.455 20.4
1834.538 22.3
1834.623 22.9
1834.707 24.4
1834.79 29.7
1834.874 36.2
1834.958 40.4
1835.042 45.7
1835.123 53.1
1835.204 63.1
1835.288 74.2
1835.371 83.9
1835.455 91.7
1835.538 100.4
1835.623 111.8
1835.707 123
1835.79 134.1
1835.874 144.5
1835.958 155.6
1836.042 165.9
1836.124 173.2
1836.206 176.2
1836.29 178.7
1836.373 183.1
1836.456 193.5
1836.54 209.3
1836.624 221
1836.708 228.2
1836.791 230.4
1836.874 230.1
1836.958 232.4
1837.042 237.9
1837.123 243
1837.204 244.9
1837.288 244
1837.371 242.1
1837.455 235.8
1837.538 227.5
1837.623 218.2
1837.707 212.3
1837.79 211.9
1837.874 212.9
1837.958 210.3
1838.042 202.1
1838.123 194.5
1838.204 189.1
1838.288 185.3
1838.371 180.9
1838.455 175.4
1838.538 169.2
1838.623 167.7
1838.707 164.6
1838.79 155.7
1838.874 145.4
1838.958 136.8
1839.042 132.4
1839.123 134.4
1839.204 142.1
1839.288 146.2
1839.371 145.6
1839.455 143.9
1839.538 141.1
1839.623 138.4
1839.707 136.7
1839.79 136.3
1839.874 137.6
1839.958 138.3
1840.042 136.2
1840.124 129.4
1840.206 120.2
1840.29 113.6
1840.373 110.1
1840.456 108.4
1840.54 103.8
1840.624 95.8
1840.708 89.1
1840.791 84.7
1840.874 82.8
1840.958 83.2
1841.042 81.6
1841.123 78.2
1841.204 74.4
1841.288 69.9
1841.371 65.7
1841.455 62.2
1841.538 61
1841.623 60.2
1841.707 59
1841.79 57.6
1841.874 53.7
1841.958 48.3
1842.042 44.6
1842.123 42.4
1842.204 40.3
1842.288 39.7
1842.371 41.8
1842.455 41.8
1842.538 39.8
1842.623 38
1842.707 35.8
1842.79 33.7
1842.874 32.2
1842.958 31.3
1843.042 30.4
1843.123 29.1
1843.204 27.1
1843.288 23.8
1843.371 20.1
1843.455 18.2
1843.538 17.6
1843.623 18.1
1843.707 19.3
1843.79 20.4
1843.874 20.5
1843.958 19.4
1844.042 19.7
1844.124 21.4
1844.206 22.4
1844.29 23.7
1844.373 24.3
1844.456 24.3
1844.54 26
1844.624 29.2
1844.708 33.3
1844.791 37.9
1844.874 42.9
1844.958 47.3
1845.042 49.9
1845.123 51.1
1845.204 53.3
1845.288 56.2
1845.371 59.5
1845.455 64.1
1845.538 67.7
1845.623 69.1
1845.707 71
1845.79 73.3
1845.874 75
1845.958 78.2
1846.042 81.7
1846.123 84.4
1846.204 91.3
1846.288 97.8
1846.371 100.3
1846.455 102.1
1846.538 104.2
1846.623 105.4
1846.707 106.5
1846.79 106.3
1846.874 105.7
1846.958 108.2
1847.042 110
1847.123 116.4
1847.204 126.1
1847.288 138.4
1847.371 152.5
1847.455 161
1847.538 170.8
1847.623 182.1
1847.707 188.4
1847.79 194.3
1847.874 200.5
1847.958 205.4
1848.042 214.5
1848.124 219.9
1848.206 215.2
1848.29 207.6
1848.373 202.6
1848.456 204.4
1848.54 209.2
1848.624 213.3
1848.708 216
1848.791 216.7
1848.874 216.7
1848.958 213.4
1849.042 207.4
1849.123 200.1
1849.204 196.7
1849.288 193.6
1849.371 189.9
1849.455 186.4
1849.538 176.8
1849.623 167.2
1849.707 162.7
1849.79 157
1849.874 150.9
1849.958 148.5
1850.042 144.6
1850.123 141
1850.204 139.9
1850.288 139.3
1850.371 135.7
1850.455 129.4
1850.538 126.3
1850.623 127.4
1850.707 127.3
1850.79 126.8
1850.874 127.9
1850.958 127.4
1851.042 126.6
1851.123 126.1
1851.204 124.3
1851.288 122.2
1851.371 121.2
1851.455 121.7
1851.538 121.9
1851.623 118.3
1851.707 114.9
1851.79 115.4
1851.874 115.5
1851.958 113.6
1852.042 112.8
1852.124 111.8
1852.206 108
1852.29 106
1852.373 106.6
1852.456 104.8
1852.54 100.6
1852.624 96.6
1852.708 92.9
1852.791 89.6
1852.874 86.6
1852.958 84.5
1853.042 84.2
1853.123 85.4
1853.204 85.9
1853.288 83.6
1853.371 79.6
1853.455 75.9
1853.538 72.1
1853.623 68.3
1853.707 65.1
1853.79 62.1
1853.874 59.6
1853.958 57.3
1854.042 53.6
1854.123 48.7
1854.204 45.1
1854.288 41.9
1854.371 39.5
1854.455 39.3
1854.538 38.9
1854.623 38
1854.707 37
1854.79 35
1854.874 32.1
1854.958 29.6
1855.042 26.9
1855.123 24.5
1855.204 21.7
1855.288 19.7
1855.371 17.5
1855.455 14.2
1855.538 11.8
1855.623 10.3
1855.707 8.5
1855.79 7.3
1855.874 6.7
1855.958 6
1856.042 6.3
1856.124 6.9
1856.206 7.5
1856.29 7.4
1856.373 7.3
1856.456 7.9
1856.54 9.3
1856.624 10.5
1856.708 11.1
1856.791 11.8
1856.874 14.5
1856.958 17.6
1857.042 19.8
1857.123 22.1
1857.204 26
1857.288 31.8
1857.371 36.6
1857.455 40.8
1857.538 45.2
1857.623 49.4
1857.707 55.7
1857.79 62
1857.874 65.1
1857.958 68.4
1858.042 73.4
1858.123 79.1
1858.204 85.2
1858.288 92.2
1858.371 97.8
1858.455 101.8
1858.538 107.6
1858.623 115.3
1858.707 122.1
1858.79 128.5
1858.874 136.1
1858.958 143.4
1859.042 149.8
1859.123 157
1859.204 163.1
1859.288 167
1859.371 172.4
1859.455 177.1
1859.538 178.1
1859.623 178.1
1859.707 178.8
1859.79 178.4
1859.874 178.5
1859.958 181.5
1860.042 185
1860.124 186.2
1860.206 184.6
1860.29 181.5
1860.373 179.7
1860.456 180.9
1860.54 180.4
1860.624 178
1860.708 177.3
1860.791 179.6
1860.874 177.8
1860.958 172.2
1861.042 167.5
1861.123 163
1861.204 160.6
1861.288 157.9
1861.371 152.6
1861.455 147.8
1861.538 146.7
1861.623 145.7
1861.707 140.1
1861.79 132
1861.874 129.1
1861.958 129.4
1862.042 128.7
1862.123 126.7
1862.204 124.1
1862.288 121
1862.371 118.8
1862.455 115.4
1862.538 111.1
1862.623 109.3
1862.707 110.5
1862.79 111.3
1862.874 109.4
1862.958 105.1
1863.042 98.5
1863.123 94.1
1863.204 89.4
1863.288 85.7
1863.371 84.5
1863.455 83.5
1863.538 84.3
1863.623 84.3
1863.707 83.5
1863.79 83.1
1863.874 81.7
1863.958 82
1864.042 85.1
1864.124 87.4
1864.206 88.5
1864.29 88.5
1864.373 89.6
1864.456 90.2
1864.54 88.5
1864.624 87.1
1864.708 84.4
1864.791 81.8
1864.874 80.8
1864.958 78.4
1865.042 74.3
1865.123 70.7
1865.204 68.8
1865.288 66.9
1865.371 63
1865.455 59.1
1865.538 56.5
1865.623 55.1
1865.707 53.8
1865.79 51.7
1865.874 49.1
1865.958 46
1866.042 43.3
1866.123 39.9
1866.204 36.8
1866.288 35.4
1866.371 34
1866.455 31.9
1866.538 28.5
1866.623 23
1866.707 18.8
1866.79 16.6
1866.874 14.8
1866.958 12.8
1867.042 11.3
1867.123 10.3
1867.204 9.9
1867.288 10
1867.371 10
1867.455 11.9
1867.538 14.9
1867.623 17
1867.707 19.1
1867.79 22.4
1867.874 26.2
1867.958 29.8
1868.042 33.5
1868.124 37.1
1868.206 41.6
1868.29 47.3
1868.373 53.9
1868.456 60
1868.54 65.8
1868.624 72.1
1868.708 77
1868.791 79.1
1868.874 84.8
1868.958 95.5
1869.042 103
1869.123 108.2
1869.204 113.7
1869.288 115.9
1869.371 117
1869.455 120.9
1869.538 124.6
1869.623 129.5
1869.707 140.7
1869.79 156.2
1869.874 169.5
1869.958 176.4
1870.042 183.4
1870.123 193.6
1870.204 202.6
1870.288 212.5
1870.371 223.4
1870.455 230
1870.538 232.5
1870.623 234
1870.707 233.7
1870.79 232.9
1870.874 231
1870.958 225.8
1871.042 220.7
1871.123 215.6
1871.204 208.7
1871.288 200.8
1871.371 193.9
1871.455 188.2
1871.538 184.9
1871.623 183.9
1871.707 179.7
1871.79 171.8
1871.874 164.9
1871.958 163.6
1872.042 165
1872.124 164
1872.206 165.2
1872.29 168.5
1872.373 169.9
1872.456 169.9
1872.54 170
1872.624 169.6
1872.708 169.3
1872.791 168.2
1872.874 162.3
1872.958 153.6
1873.042 146.4
1873.123 142
1873.204 135.6
1873.288 127.1
1873.371 119.3
1873.455 112.9
1873.538 108.7
1873.623 103.9
1873.707 97.4
1873.79 90.7
1873.874 87.4
1873.958 86.7
1874.042 86.3
1874.123 85.9
1874.204 84.1
1874.288 81.9
1874.371 79.2
1874.455 75.9
1874.538 71.3
1874.623 65.2
1874.707 61.3
1874.79 60.2
1874.874 57.7
1874.958 54.4
1875.042 49.6
1875.123 42.5
1875.204 37.5
1875.288 34.2
1875.371 31.9
1875.455 29.8
1875.538 28.4
1875.623 27.9
1875.707 27.3
1875.79 25.2
1875.874 22.9
1875.958 20.9
1876.042 19.5
1876.124 19.3
1876.206 19.4
1876.29 20.1
1876.373 19.6
1876.456 19
1876.54 19.5
1876.624 19.8
1876.708 18.1
1876.791 17.7
1876.874 19.8
1876.958 21.8
1877.042 22
1877.123 21.2
1877.204 21.5
1877.288 21.4
1877.371 21.2
1877.455 21.1
1877.538 19.2
1877.623 17.6
1877.707 17.2
1877.79 15.8
1877.874 13.6
1877.958 12
1878.042 11
1878.123 10.2
1878.204 8.9
1878.288 7.8
1878.371 6.7
1878.455 5.9
1878.538 5.6
1878.623 5
1878.707 4
1878.79 3.9
1878.874 4.1
1878.958 3.7
1879.042 4.1
1879.123 5.4
1879.204 6.2
1879.288 7
1879.371 8.4
1879.455 9.5
1879.538 11.6
1879.623 15.1
1879.707 18.3
1879.79 20.5
1879.874 22.9
1879.958 26.4
1880.042 29.4
1880.124 33
1880.206 39.8
1880.29 46.1
1880.373 49.4
1880.456 52.2
1880.54 54.6
1880.624 57.3
1880.708 61.3
1880.791 65.8
1880.874 69.4
1880.958 72.6
1881.042 78.3
1881.123 82.8
1881.204 82.6
1881.288 83.2
1881.371 86.4
1881.455 89.3
1881.538 91.1
1881.623 92.8
1881.707 95.1
1881.79 99.2
1881.874 103.7
1881.958 104.1
1882.042 100.8
1882.123 97.4
1882.204 96.5
1882.288 96.4
1882.371 98.1
1882.455 99.8
1882.538 100.5
1882.623 100
1882.707 96.7
1882.79 94.1
1882.874 90.9
1882.958 90.8
1883.042 95.4
1883.123 98.2
1883.204 98.2
1883.288 99.6
1883.371 101.3
1883.455 103.7
1883.538 108.2
1883.623 113.1
1883.707 119
1883.79 121.7
1883.874 123.7
1883.958 124.4
1884.042 120.8
1884.124 119.5
1884.206 120.9
1884.29 119
1884.373 113.2
1884.456 107.8
1884.54 102.5
1884.624 98
1884.708 94.4
1884.791 90.3
1884.874 89.3
1884.958 92
1885.042 95.1
1885.123 95.7
1885.204 93.7
1885.288 91.6
1885.371 90.5
1885.455 88.4
1885.538 85.7
1885.623 81.6
1885.707 79
1885.79 78.7
1885.874 75
1885.958 68.2
1886.042 61.7
1886.123 56.9
1886.204 53.3
1886.288 50
1886.371 45.7
1886.455 43
1886.538 41
1886.623 38.8
1886.707 34.2
1886.79 28
1886.874 24.7
1886.958 23.1
1887.042 21.9
1887.123 21.7
1887.204 21
1887.288 19.9
1887.371 20.2
1887.455 21.2
1887.538 21.9
1887.623 21.7
1887.707 21.5
1887.79 21.6
1887.874 20.6
1887.958 19.1
1888.042 17.1
1888.124 14.4
1888.206 13.2
1888.29 13
1888.373 12.9
1888.456 12.2
1888.54 10.4
1888.624 9.7
1888.708 9.7
1888.791 9.5
1888.874 9.2
1888.958 8.8
1889.042 9.2
1889.123 10.9
1889.204 12
1889.288 11.8
1889.371 11.1
1889.455 10.4
1889.538 10.7
1889.623 10.5
1889.707 9.8
1889.79 9.5
1889.874 9.5
1889.958 9.3
1890.042 9.1
1890.123 8.4
1890.204 8.3
1890.288 9.7
1890.371 10.9
1890.455 11.7
1890.538 12.3
1890.623 14.4
1890.707 16.2
1890.79 17.9
1890.874 21.7
1890.958 27.5
1891.042 34.1
1891.123 39
1891.204 43.3
1891.288 48.7
1891.371 53.7
1891.455 57.7
1891.538 63.2
1891.623 70.8
1891.707 77.3
1891.79 83.5
1891.874 89.5
1891.958 94.2
1892.042 97.4
1892.124 103.3
1892.206 108.7
1892.29 110.6
1892.373 113.6
1892.456 118.4
1892.54 122
1892.624 122.2
1892.708 123.1
1892.791 125.5
1892.874 127.2
1892.958 128.5
1893.042 130.2
1893.123 133
1893.204 136
1893.288 137.7
1893.371 139
1893.455 140.8
1893.538 142.4
1893.623 143.8
1893.707 143.6
1893.79 142.3
1893.874 142.9
1893.958 144.7
1894.042 146.5
1894.123 143.7
1894.204 138.7
1894.288 137.6
1894.371 136
1894.455 132.4
1894.538 128.6
1894.623 126
1894.707 125.4
1894.79 125.7
1894.874 123
1894.958 118.8
1895.042 112.8
1895.123 108.7
1895.204 108
1895.288 106.9
1895.371 105.8
1895.455 105.9
1895.538 104.2
1895.623 101.2
1895.707 99.9
1895.79 96.9
1895.874 91.9
1895.958 87.5
1896.042 85.8
1896.124 82.7
1896.206 80.1
1896.29 77.6
1896.373 74.2
1896.456 71.7
1896.54 70.5
1896.624 69.4
1896.708 65.8
1896.791 63.4
1896.874 62
1896.958 58.8
1897.042 55
1897.123 53.4
1897.204 52.1
1897.288 50.2
1897.371 47.1
1897.455 44.4
1897.538 43.1
1897.623 42.8
1897.707 44
1897.79 43.5
1897.874 42.7
1897.958 43.9
1898.042 43.3
1898.123 42.7
1898.204 42.4
1898.288 42.9
1898.371 45.8
1898.455 46
1898.538 43.8
1898.623 41.2
1898.707 37.9
1898.79 36.4
1898.874 35.2
1898.958 33.8
1899.042 34
1899.123 32.3
1899.204 28.5
1899.288 25.2
1899.371 22.1
1899.455 20.3
1899.538 19.5
1899.623 19.1
1899.707 18.8
1899.79 18.2
1899.874 18.9
1899.958 18.8
1900.042 17.9
1900.123 17.6
1900.204 17.7
1900.288 17.7
1900.371 17.5
1900.455 16.5
1900.538 15.2
1900.623 13.7
1900.707 12.7
1900.79 11.3
1900.874 9.8
1900.958 9
1901.042 8.1
1901.123 7.3
1901.204 6.5
1901.288 5.4
1901.371 4.7
1901.455 4.6
1901.538 5
1901.623 5.2
1901.707 5.5
1901.79 6.1
1901.874 5.6
1901.958 4.8
1902.042 4.5
1902.123 4.6
1902.204 5.2
1902.288 6.5
1902.371 7.8
1902.455 8.4
1902.538 8.6
1902.623 10
1902.707 11.3
1902.79 13.1
1902.874 15.8
1902.958 17.6
1903.042 20.5
1903.123 24.2
1903.204 26.3
1903.288 28.1
1903.371 32.1
1903.455 37.6
1903.538 42.3
1903.623 44.4
1903.707 46.6
1903.79 49.4
1903.874 52.3
1903.958 55.8
1904.042 59.1
1904.124 62.7
1904.206 66.1
1904.29 68.5
1904.373 69.1
1904.456 69.3
1904.54 71.5
1904.624 77.4
1904.708 83
1904.791 84.1
1904.874 84.4
1904.958 85.5
1905.042 87.6
1905.123 89.1
1905.204 90.9
1905.288 94.4
1905.371 100.9
1905.455 105.7
1905.538 105.1
1905.623 100.7
1905.707 97.5
1905.79 99.1
1905.874 100.9
1905.958 102.6
1906.042 105.7
1906.123 107.1
1906.204 106.4
1906.288 102.2
1906.371 93.2
1906.455 89.1
1906.538 91.9
1906.623 99.4
1906.707 104.5
1906.79 104
1906.874 102.8
1906.958 100.2
1907.042 94.9
1907.123 91.6
1907.204 94
1907.288 99.4
1907.371 104.2
1907.455 104.6
1907.538 100.8
1907.623 93.1
1907.707 85.7
1907.79 83.8
1907.874 84
1907.958 84.4
1908.042 84.3
1908.124 86.1
1908.206 88.7
1908.29 86.6
1908.373 83.1
1908.456 81.5
1908.54 82.2
1908.624 84.3
1908.708 87.8
1908.791 88.6
1908.874 86.5
1908.958 84.4
1909.042 82.4
1909.123 77.4
1909.204 69.4
1909.288 67.9
1909.371 70.4
1909.455 72.1
1909.538 71
1909.623 67.9
1909.707 63.7
1909.79 58.9
1909.874 56.3
1909.958 54.6
1910.042 52.4
1910.123 50.1
1910.204 48.4
1910.288 46.2
1910.371 41.2
1910.455 34.4
1910.538 29.4
1910.623 26.2
1910.707 23.7
1910.79 23.3
1910.874 23
1910.958 21.4
1911.042 20
1911.123 18.7
1911.204 16.6
1911.288 12.6
1911.371 10.1
1911.455 9.8
1911.538 9.3
1911.623 8.5
1911.707 7.7
1911.79 6.6
1911.874 5.5
1911.958 5.3
1912.042 5.4
1912.124 5.1
1912.206 5.2
1912.29 5.7
1912.373 5.6
1912.456 5.7
1912.54 6.1
1912.624 6.5
1912.708 6.4
1912.791 5.8
1912.874 5.2
1912.958 4.7
1913.042 4.3
1913.123 4.2
1913.204 3.6
1913.288 2.9
1913.371 2.8
1913.455 2.6
1913.538 2.5
1913.623 2.5
1913.707 2.6
1913.79 4
1913.874 5.5
1913.958 6.6
1914.042 7.7
1914.123 8.5
1914.204 9.8
1914.288 10.9
1914.371 12.4
1914.455 14.8
1914.538 17.5
1914.623 21.6
1914.707 26.8
1914.79 31
1914.874 34.6
1914.958 40.5
1915.042 49.1
1915.123 58
1915.204 64.8
1915.288 70.5
1915.371 75.5
1915.455 78.1
1915.538 80.5
1915.623 83
1915.707 85.8
1915.79 89.9
1915.874 94.9
1915.958 97.7
1916.042 96.4
1916.124 92.7
1916.206 90
1916.29 89.5
1916.373 91
1916.456 93.9
1916.54 97.2
1916.624 100.4
1916.708 103.4
1916.791 105.6
1916.874 108.5
1916.958 114.6
1917.042 122.4
1917.123 135.3
1917.204 149.5
1917.288 156.8
1917.371 160.4
1917.455 167.9
1917.538 174.7
1917.623 175.7
1917.707 173.6
1917.79 172.5
1917.874 170.3
1917.958 163.8
1918.042 159.1
1918.123 154.6
1918.204 147.5
1918.288 145
1918.371 145
1918.455 139.2
1918.538 131
1918.623 128.6
1918.707 129.2
1918.79 126.9
1918.874 125.7
1918.958 130
1919.042 130.6
1919.123 125.4
1919.204 121.4
1919.288 117.4
1919.371 112.3
1919.455 107.7
1919.538 106.2
1919.623 104.6
1919.707 103.1
1919.79 100.8
1919.874 94.4
1919.958 85.6
1920.042 78
1920.124 71.9
1920.206 67.2
1920.29 65.7
1920.373 64.4
1920.456 63.1
1920.54 61.3
1920.624 58.2
1920.708 53.4
1920.791 51.6
1920.874 52.1
1920.958 51
1921.042 51.6
1921.123 52.9
1921.204 51.8
1921.288 48.3
1921.371 45.5
1921.455 44.2
1921.538 42.2
1921.623 40.7
1921.707 42.5
1921.79 42.9
1921.874 40.5
1921.958 37.6
1922.042 33.5
1922.123 30.2
1922.204 28.2
1922.288 26.4
1922.371 24.9
1922.455 24
1922.538 23.2
1922.623 21
1922.707 15.7
1922.79 11.8
1922.874 11.1
1922.958 11
1923.042 10.7
1923.123 9.8
1923.204 10
1923.288 10.9
1923.371 11.5
1923.455 10.7
1923.538 9.4
1923.623 9.4
1923.707 9.5
1923.79 9.8
1923.874 11.3
1923.958 13.6
1924.042 16.3
1924.124 19.3
1924.206 21.5
1924.29 23.3
1924.373 25.1
1924.456 26.9
1924.54 28.2
1924.624 29.8
1924.708 32.2
1924.791 34.7
1924.874 37.7
1924.958 40.8
1925.042 43.2
1925.123 45.2
1925.204 48.9
1925.288 54.4
1925.371 59.9
1925.455 68.2
1925.538 78.5
1925.623 86.3
1925.707 92.6
1925.79 96.2
1925.874 98.2
1925.958 101.4
1926.042 104.2
1926.123 106.8
1926.204 108.5
1926.288 108.7
1926.371 109
1926.455 107.8
1926.538 107.2
1926.623 109.4
1926.707 111.6
1926.79 115.9
1926.874 120.7
1926.958 120.8
1927.042 120
1927.123 119.6
1927.204 119.6
1927.288 119.5
1927.371 119.4
1927.455 117.5
1927.538 115.2
1927.623 114
1927.707 113.7
1927.79 113.9
1927.874 112.9
1927.958 115
1928.042 120.2
1928.124 125.3
1928.206 128.9
1928.29 130.2
1928.373 128.9
1928.456 128.7
1928.54 128.7
1928.624 126.9
1928.708 123.7
1928.791 119.4
1928.874 116.1
1928.958 113.5
1929.042 110.2
1929.123 107
1929.204 101.9
1929.288 97.5
1929.371 99.2
1929.455 104.7
1929.538 107.9
1929.623 106.7
1929.707 104.7
1929.79 102.7
1929.874 100.2
1929.958 95.7
1930.042 89.3
1930.123 83.2
1930.204 80.2
1930.288 78.6
1930.371 74.1
1930.455 65.2
1930.538 56
1930.623 52
1930.707 51.2
1930.79 50.4
1930.874 49
1930.958 47.2
1931.042 46
1931.123 44.9
1931.204 43.1
1931.288 40.5
1931.371 37.7
1931.455 35.9
1931.538 35.2
1931.623 32.8
1931.707 29.2
1931.79 26.5
1931.874 24.6
1931.958 24.7
1932.042 24.6
1932.124 23.6
1932.206 22.1
1932.29 21
1932.373 20.2
1932.456 19
1932.54 18.6
1932.624 19.4
1932.708 20.1
1932.791 19.5
1932.874 17.9
1932.958 15.7
1933.042 14
1933.123 13.1
1933.204 12.7
1933.288 12.4
1933.371 11.5
1933.455 10.2
1933.538 8.8
1933.623 7.2
1933.707 5.8
1933.79 6
1933.874 7.7
1933.958 9
1934.042 9.5
1934.123 10.5
1934.204 11
1934.288 11.1
1934.371 11.9
1934.455 13.5
1934.538 15.6
1934.623 17.5
1934.707 19.7
1934.79 21.1
1934.874 21.7
1934.958 24.9
1935.042 29.3
1935.123 32.6
1935.204 36.7
1935.288 42.7
1935.371 49.8
1935.455 56.9
1935.538 63.1
1935.623 69.9
1935.707 77.4
1935.79 85.5
1935.874 91.8
1935.958 95.3
1936.042 98.3
1936.124 103.5
1936.206 109.8
1936.29 114.7
1936.373 120.7
1936.456 128.6
1936.54 137.7
1936.624 146.3
1936.708 150.5
1936.791 153.4
1936.874 160.1
1936.958 168.6
1937.042 179.2
1937.123 189.2
1937.204 194.4
1937.288 198.6
1937.371 198.3
1937.455 193
1937.538 188.3
1937.623 185.2
1937.707 184.8
1937.79 184.4
1937.874 184.6
1937.958 183
1938.042 182.2
1938.123 182.1
1938.204 179.8
1938.288 177.2
1938.371 178.7
1938.455 182.3
1938.538 181.4
1938.623 177.2
1938.707 172.8
1938.79 171.8
1938.874 171.8
1938.958 171.4
1939.042 166.9
1939.123 161.5
1939.204 162.4
1939.288 163.3
1939.371 158.8
1939.455 151.5
1939.538 145.9
1939.623 142.6
1939.707 142.6
1939.79 140.6
1939.874 132.7
1939.958 127.1
1940.042 123.8
1940.124 121.7
1940.206 118.5
1940.29 113
1940.373 110
1940.456 111.1
1940.54 112.6
1940.624 111.3
1940.708 107.7
1940.791 103.2
1940.874 99.5
1940.958 96.1
1941.042 94.4
1941.123 91.2
1941.204 88
1941.288 87.3
1941.371 85.3
1941.455 81.6
1941.538 78.5
1941.623 78.3
1941.707 79.4
1941.79 81.9
1941.874 83.6
1941.958 79.9
1942.042 73.1
1942.123 67
1942.204 60.8
1942.288 55.5
1942.371 53.1
1942.455 51.8
1942.538 49.4
1942.623 46.2
1942.707 42.6
1942.79 38.4
1942.874 35.2
1942.958 34.2
1943.042 33.6
1943.123 33.2
1943.204 32.7
1943.288 31.4
1943.371 29.2
1943.455 27.5
1943.538 26.6
1943.623 24
1943.707 20.9
1943.79 18
1943.874 15.4
1943.958 14.4
1944.042 13.6
1944.124 12.9
1944.206 13
1944.29 13.9
1944.373 14.6
1944.456 15.3
1944.54 17
1944.624 18.9
1944.708 20.4
1944.791 23.4
1944.874 27.5
1944.958 31.7
1945.042 36.4
1945.123 39.7
1945.204 41.7
1945.288 46.8
1945.371 52.8
1945.455 55.2
1945.538 57.1
1945.623 64.3
1945.707 73.2
1945.79 80.1
1945.874 86.9
1945.958 93.2
1946.042 101
1946.123 111.7
1946.204 121.5
1946.288 128
1946.371 135.7
1946.455 147.7
1946.538 157.7
1946.623 163.1
1946.707 167.3
1946.79 173.3
1946.874 182.8
1946.958 193.4
1947.042 199.2
1947.123 204.1
1947.204 211.2
1947.288 217.2
1947.371 218.7
1947.455 216.1
1947.538 214.1
1947.623 210.9
1947.707 206
1947.79 206.3
1947.874 207.1
1947.958 205.7
1948.042 205
1948.124 202.3
1948.206 198.9
1948.29 195.7
1948.373 192.2
1948.456 191.6
1948.54 193.5
1948.624 199.8
1948.708 209.1
1948.791 210.3
1948.874 203.8
1948.958 197.1
1949.042 193.4
1949.123 190.4
1949.204 188.5
1949.288 188.4
1949.371 190.9
1949.455 192.5
1949.538 190.3
1949.623 184.1
1949.707 176.1
1949.79 171.4
1949.874 169.4
1949.958 167.1
1950.042 162.8
1950.123 158.5
1950.204 150.7
1950.288 141
1950.371 131.6
1950.455 122.6
1950.538 116.4
1950.623 111.9
1950.707 106.7
1950.79 102.3
1950.874 101.2
1950.958 102.4
1951.042 101.6
1951.123 98.5
1951.204 98.9
1951.288 100.2
1951.371 99.5
1951.455 98.9
1951.538 97.3
1951.623 94
1951.707 89.8
1951.79 84
1951.874 75.3
1951.958 66.5
1952.042 61.5
1952.124 59.8
1952.206 56.2
1952.29 51.4
1952.373 48
1952.456 45.5
1952.54 44
1952.624 42.1
1952.708 40.3
1952.791 39.5
1952.874 38.8
1952.958 37.3
1953.042 34.6
1953.123 31
1953.204 28.6
1953.288 27.2
1953.371 25
1953.455 22
1953.538 18.5
1953.623 16.7
1953.707 16.6
1953.79 15.1
1953.874 12.8
1953.958 10.8
1954.042 9.3
1954.123 8.2
1954.204 6.3
1954.288 5.1
1954.371 5.5
1954.455 6.3
1954.538 7.9
1954.623 10.5
1954.707 11.4
1954.79 11.6
1954.874 13.8
1954.958 17.4
1955.042 20.5
1955.123 23.7
1955.204 28
1955.288 33.5
1955.371 41.2
1955.455 50
1955.538 57
1955.623 66
1955.707 78.8
1955.79 91.3
1955.874 103.5
1955.958 114.8
1956.042 125.8
1956.124 139.4
1956.206 154.7
1956.29 168.1
1956.373 180.4
1956.456 193.9
1956.54 206.1
1956.624 211.8
1956.708 214.5
1956.791 220.6
1956.874 226
1956.958 232.7
1957.042 241.1
1957.123 243.8
1957.204 246.8
1957.288 256.3
1957.371 262.7
1957.455 266.1
1957.538 271.1
1957.623 275.3
1957.707 279.3
1957.79 282.5
1957.874 284.4
1957.958 283.3
1958.042 281.8
1958.123 284.5
1958.204 285
1958.288 278.7
1958.371 271
1958.455 264.5
1958.538 262.3
1958.623 261.9
1958.707 260.3
1958.79 258.1
1958.874 255.9
1958.958 255.6
1959.042 252.9
1959.123 250.4
1959.204 247.1
1959.288 239.7
1959.371 233.9
1959.455 228.5
1959.538 220.6
1959.623 214.2
1959.707 207.1
1959.79 199.7
1959.874 194.2
1959.958 187.6
1960.042 182.5
1960.124 177
1960.206 172.1
1960.29 169.4
1960.373 165.7
1960.456 161.3
1960.54 153.8
1960.624 145
1960.708 138.6
1960.791 132.1
1960.874 124.5
1960.958 118.5
1961.042 113.6
1961.123 105.9
1961.204 97.5
1961.288 91.1
1961.371 85.1
1961.455 79.1
1961.538 75.3
1961.623 74.4
1961.707 74.3
1961.79 73
1961.874 71.7
1961.958 69.1
1962.042 64.2
1962.123 59.4
1962.204 56.7
1962.288 56.1
1962.371 55.9
1962.455 54.6
1962.538 52.5
1962.623 49.8
1962.707 46.7
1962.79 44
1962.874 42.9
1962.958 42.6
1963.042 42.1
1963.123 42.6
1963.204 42.6
1963.288 41.6
1963.371 41.1
1963.455 40.4
1963.538 39.7
1963.623 39
1963.707 38.6
1963.79 37.4
1963.874 34.2
1963.958 30.7
1964.042 28.1
1964.124 25.7
1964.206 22.3
1964.29 18.6
1964.330601 41.268
1964.415301 40.989
1964.497268 37.827
1964.581967 37.548
1964.666667 35.037
1964.748634 36.618
1964.833333 37.269
1964.915301 33.084
1965 33.735
1965.084932 37.362
1965.161644 31.224
1965.246575 25.644
1965.328767 23.133
1965.413699 33.084
1965.49589 36.804
1965.580822 38.571
1965.665753 36.99
1965.747945 33.456
1965.832877 28.806
1965.915069 33.549
1966 41.361
1966.084932 45.732
1966.161644 42.57
1966.246575 43.872
1966.328767 40.338
1966.413699 48.615
1966.49589 52.428
1966.580822 54.939
1966.665753 76.98
1966.747945 65.634
1966.832877 60.24
1966.915069 66.285
1967 78.747
1967.084932 84.327
1967.161644 73.818
1967.246575 66.657
1967.328767 76.98
1967.413699 81.072
1967.49589 76.329
1967.580822 82.467
1967.665753 77.259
1967.747945 74.283
1967.832877 79.77
1967.915069 80.421
1968 85.071
1968.0847 91.953
1968.163934 88.884
1968.248634 76.143
1968.330601 82.188
1968.415301 89.535
1968.497268 87.768
1968.581967 86.094
1968.666667 90.651
1968.748634 99.207
1968.833333 115.761
1968.915301 112.878
1969 101.997
1969.084932 105.81
1969.161644 104.601
1969.246575 96.696
1969.328767 109.902
1969.413699 115.296
1969.49589 109.623
1969.580822 100.695
1969.665753 96.324
1969.747945 93.72
1969.832877 94.65
1969.915069 93.348
1970 100.137
1970.084932 100.323
1970.161644 99.858
1970.246575 99.021
1970.328767 95.487
1970.413699 108.786
1970.49589 109.623
1970.580822 101.067
1970.665753 92.883
1970.747945 89.07
1970.832877 99.858
1970.915069 86.373
1971 89.163
1971.084932 80.421
1971.161644 84.885
1971.246575 72.423
1971.328767 68.424
1971.413699 57.078
1971.49589 56.055
1971.580822 51.033
1971.665753 50.661
1971.747945 44.802
1971.832877 48.336
1971.915069 53.358
1972 59.589
1972.0847 68.61
1972.163934 44.337
1972.248634 39.315
1972.330601 42.57
1972.415301 55.683
1972.497268 47.592
1972.581967 72.144
1972.666667 48.429
1972.748634 47.871
1972.833333 66.936
1972.915301 47.778
1973 46.755
1973.084932 49.731
1973.161644 52.056
1973.246575 62.379
1973.328767 68.982
1973.413699 56.334
1973.49589 51.591
1973.580822 47.22
1973.665753 36.804
1973.747945 39.222
1973.832877 36.525
1973.915069 36.525
1974 38.571
1974.084932 36.06
1974.161644 41.919
1974.246575 45.081
1974.328767 54.567
1974.413699 60.891
1974.49589 71.958
1974.580822 62.658
1974.665753 66.843
1974.747945 66.285
1974.832877 62.844
1974.915069 52.521
1975 51.126
1975.084932 45.918
1975.161644 44.523
1975.246575 40.803
1975.328767 39.966
1975.413699 37.734
1975.49589 39.129
1975.580822 43.035
1975.665753 40.989
1975.747945 41.64
1975.832877 47.592
1975.915069 40.803
1976 41.919
1976.0847 42.105
1976.163934 41.826
1976.248634 46.104
1976.330601 42.291
1976.415301 39.594
1976.497268 37.176
1976.581967 36.432
1976.666667 35.316
1976.748634 36.06
1976.833333 34.851
1976.915301 37.083
1977 40.338
1977.084932 39.873
1977.161644 38.478
1977.246575 40.245
1977.328767 40.152
1977.413699 40.524
1977.49589 48.801
1977.580822 47.499
1977.665753 46.476
1977.747945 41.733
1977.832877 35.874
1977.915069 38.664
1978 48.801
1978.084932 51.777
1978.161644 52.986
1978.246575 63.495
1978.328767 75.864
1978.413699 66.564
1978.49589 65.913
1978.580822 51.963
1978.665753 51.219
1978.747945 60.147
1978.832877 56.334
1978.915069 55.59
1979 64.053
1979.084932 66.564
1979.161644 73.539
1979.246575 85.071
1979.328767 80.979
1979.413699 93.999
1979.49589 93.441
1979.580822 106.182
1979.665753 101.16
1979.747945 91.674
1979.832877 91.023
1979.915069 80.7
1980 83.211
1980.0847 86.931
1980.163934 79.305
1980.248634 88.884
1980.330601 88.605
1980.415301 104.601
1980.497268 104.508
1980.581967 102.648
1980.666667 103.02
1980.748634 113.157
1980.833333 121.899
1980.915301 122.643
1981 105.624
1981.084932 113.622
1981.161644 116.226
1981.246575 121.713
1981.328767 128.316
1981.413699 113.622
1981.49589 111.948
1981.580822 111.297
1981.665753 103.671
1981.747945 120.504
1981.832877 118.272
1981.915069 107.67
1982 96.51
1982.084932 115.203
1982.161644 97.905
1982.246575 93.627
1982.328767 88.512
1982.413699 115.203
1982.49589 135.105
1982.580822 137.709
1982.665753 149.706
1982.747945 136.5
1982.832877 130.641
1982.915069 139.662
1983 126.084
1983.084932 113.808
1983.161644 102.834
1983.246575 102.276
1983.328767 117.807
1983.413699 107.949
1983.49589 97.626
1983.580822 97.161
1983.665753 93.348
1983.747945 90.558
1983.832877 87.861
1983.915069 87.675
1984 82.839
1984.0847 85.071
1984.163934 93.255
1984.248634 99.114
1984.330601 111.204
1984.415301 101.253
1984.497268 98.091
1984.581967 90.558
1984.666667 88.14
1984.748634 88.14
1984.833333 89.814
1984.915301 87.396
1985 85.815
1985.084932 77.538
1985.161644 75.864
1985.246575 73.446
1985.328767 71.4
1985.413699 64.797
1985.49589 67.029
1985.580822 66.843
1985.665753 59.403
1985.747945 55.497
1985.832877 49.08
1985.915069 53.265
1986 55.032
1986.084932 65.82
1986.161644 56.427
1986.246575 44.523
1986.328767 42.756
1986.413699 41.919
1986.49589 41.268
1986.580822 40.524
1986.665753 38.757
1986.747945 35.781
1986.832877 44.337
1986.915069 34.479
1987 26.667
1987.084932 24.621
1987.161644 23.784
1987.246575 25.737
1987.328767 29.643
1987.413699 39.78
1987.49589 44.151
1987.580822 49.359
1987.665753 54.009
1987.747945 53.637
1987.832877 57.915
1987.915069 57.078
1988 73.167
1988.0847 67.401
1988.163934 65.076
1988.248634 68.052
1988.330601 66.564
1988.415301 68.889
1988.497268 79.119
1988.581967 78.747
1988.666667 79.305
1988.748634 81.444
1988.833333 83.583
1988.915301 98.184
1989 105.252
1989.084932 107.019
1989.161644 131.943
1989.246575 126.828
1989.328767 136.314
1989.413699 132.315
1989.49589 116.505
1989.580822 123.759
1989.665753 129.99
1989.747945 140.592
1989.832877 152.682
1989.915069 144.312
1990 134.733
1990.084932 132.687
1990.161644 139.011
1990.246575 148.962
1990.328767 150.822
1990.413699 151.845
1990.49589 138.267
1990.580822 140.964
1990.665753 131.571
1990.747945 122.457
1990.832877 115.11
1990.915069 113.808
1991 101.718
1991.084932 98.463
1991.161644 134.547
1991.246575 130.083
1991.328767 127.107
1991.413699 184.953
1991.49589 181.14
1991.580822 152.589
1991.665753 129.711
1991.747945 124.038
1991.832877 122.457
1991.915069 113.436
1992 114.924
1992.0847 118.737
1992.163934 106.368
1992.248634 90.558
1992.330601 95.022
1992.415301 82.188
1992.497268 75.12
1992.581967 78.003
1992.666667 81.165
1992.748634 71.958
1992.833333 75.399
1992.915301 66.843
1993 68.982
1993.084932 68.61
1993.161644 76.236
1993.246575 67.308
1993.328767 63.867
1993.413699 60.891
1993.49589 59.868
1993.580822 59.124
1993.665753 55.311
1993.747945 55.032
1993.832877 52.614
1993.915069 53.916
1994 52.893
1994.084932 62.565
1994.161644 62.007
1994.246575 63.867
1994.328767 57.636
1994.413699 57.078
1994.49589 54.009
1994.580822 49.173
1994.665753 46.29
1994.747945 49.452
1994.832877 50.196
1994.915069 51.405
1995 46.941
1995.084932 45.267
1995.161644 48.15
1995.246575 45.732
1995.328767 43.965
1995.413699 43.686
1995.49589 43.314
1995.580822 42.477
1995.665753 43.686
1995.747945 46.197
1995.832877 45.639
1995.915069 41.175
1996 40.524
1996.0847 38.199
1996.163934 33.177
1996.248634 31.131
1996.330601 31.131
1996.415301 30.573
1996.497268 30.387
1996.581967 32.433
1996.666667 32.898
1996.748634 35.688
1996.833333 36.339
1996.915301 35.316
1997 31.224
1997.084932 29.457
1997.161644 28.806
1997.246575 30.294
1997.328767 28.806
1997.413699 29.643
1997.49589 29.922
1997.65 15.6
1997.73 17.1
1997.8 19.3
1997.88 22.5
1997.95 22.5
1998.02 21
1998.1 19.7
1998.17 18.6
1998.25 20.6
1998.32 34.6
1998.39 36.3
1998.47 37.3
1998.54 35.8
1998.62 34
1998.69 32.5
1998.76 35
1998.84 33.9
1998.91 38.4
1998.98 39
1999.06 44.2
1999.13 44.1
1999.21 47.1
1999.28 45.4
1999.35 46.7
1999.43 46.7
1999.5 47.7
1999.58 44.2
1999.65 47.7
1999.72 53.5
1999.8 61.6
1999.87 66.2
1999.95 70
2000.02 74.8
2000.09 78.7
2000.17 83
2000.24 86.5
2000.32 86.7
2000.39 93.3
2000.46 99.4
2000.54 99.8
2000.61 110.9
2000.68 112.2
2000.76 111.2
2000.83 109.6
2000.91 114.4
2000.98 115.5
2001.05 118.5
2001.13 115.9
2001.2 111.2
2001.28 116.6
2001.35 109.9
2001.42 107.3
2001.5 102.4
2001.57 100.1
2001.65 103.5
2001.72 100.7
2001.79 107.5
2001.87 104.4
2001.94 99.1
2002.02 97.7
2002.09 99.5
2002.16 94.6
2002.24 95.7
2002.31 96.8
2002.38 97.9
2002.46 95.9
2002.53 92.6
2002.61 104.2
2002.68 99.8
2002.75 96.7
2002.83 97.7
2002.9 96.8
2002.98 97.9
2003.05 95
2003.12 94.3
2003.2 92.6
2003.27 95.9
2003.35 96.9
2003.42 98.7
2003.49 99.7
2003.57 97.8
2003.64 96.5
2003.72 97.2
2003.79 96.4
2003.86 107.3
2003.94 108.8
2004.01 102.3
2004.09 100
2004.16 93.9
2004.23 89
2004.31 84.1
2004.38 81
2004.46 79.8
2004.53 76.8
2004.6 77.7
2004.68 74.5
2004.75 72.5
2004.82 69.5
2004.9 69.9
2004.97 67.2
2005.05 73.9
2005.12 74.2
2005.19 72.5
2005.27 70
2005.34 70
2005.42 69.2
2005.49 66.4
2005.56 68.7
2005.64 71.4
2005.71 77.4
2005.78 68.1
2005.86 62.8
2005.93 60.5
2006.01 57.9
2006.08 55.5
2006.15 53.2
2006.23 48.7
2006.3 47.4
2006.38 45.5
2006.45 43.4
2006.52 42.5
2006.6 41.1
2006.67 43.2
2006.75 39.5
2006.82 38.7
2006.89 37.6
2006.97 43
2007.04 37.3
2007.12 37.5
2007.19 35.5
2007.26 31.4
2007.34 30.6
2007.41 30.6
2007.49 28.5
2007.56 27.1
2007.63 26.4
2007.71 25.6
2007.78 25
2007.86 23.9
2007.93 24.8
2008 24.2
2008.08 23.8
2008.15 23.9
2008.23 25.1
2008.3 26.3
2008.37 25.1
2008.45 23.9
2008.52 22
2008.59 21.5
2008.67 17.3
2008.74 18.5
2008.82 16.5
2008.89 13.7
2008.96 14.6
2009.04 14.4
2009.11 10.2
2009.18 8.7
2009.26 6.5
2009.33 4.4
2009.41 3.1
2009.48 4.5
2009.55 1.9
2009.63 3.1
2009.7 0.7
2009.78 0
2009.85 1.4
2009.92 0
2010 0.2
2010.07 0
2010.15 4
2010.22 11
2010.29 18.7
2010.37 17.8
2010.44 18.5
2010.52 18.9
2010.59 21.9
2010.66 20.9
2010.74 22.8
2010.81 23.1
2010.89 25.1
2010.96 27.2
2011.03 26.6
2011.11 26.2
2011.18 30.8
2011.26 37.3
2011.33 38.7
2011.4 39.8
2011.48 47
2011.55 45.9
2011.63 46.8
2011.7 44.3
2011.77 51.7
2011.85 46.9
2011.92 45.3
2012 43.9
2012.07 44.5
2012.14 46.9
2012.22 57.7
2012.330601 44.709
2012.415301 52.8
2012.497268 69.912
2012.581967 66.936
2012.666667 58.287
2012.748634 58.938
2012.833333 56.52
2012.915301 52.428
2013 50.847
2013.084932 50.382
2013.161644 55.497
2013.246575 54.753
2013.328767 71.214
2013.413699 71.958
2013.49589 70.005
2013.580822 66.471
2013.665753 62.844
2013.747945 56.52
2013.832877 59.31
2013.915069 64.425
2014 61.728
2014.084932 72.237
2014.161644 68.238
2014.246575 65.541
2014.328767 60.891
2014.413699 68.796
2014.49589 64.89
2014.580822 59.31
2014.665753 65.727
2014.747945 65.448
2014.832877 67.215
2014.915069 78.84
2015 74.097
2015.084932 72.888
2015.161644 80.421
2015.246575 75.399
2015.328767 68.61
2015.413699 70.098
2015.49589 63.309
2015.580822 62.472
2015.665753 62.379
2015.747945 60.984
2015.832877 58.659
2015.915069 55.032
2016 45.732
2016.0847 40.617
2016.163934 41.64
2016.248634 40.524
2016.330601 39.966
2016.415301 37.083
2016.497268 39.873
2016.581967 35.595
2016.666667 35.223
2016.748634 30.294
2016.833333 26.481
2016.915301 26.76
2017 23.133
2017.084932 21.552
2017.161644 19.878
2017.246575 23.412
2017.328767 21.924
2017.413699 20.343
2017.49589 26.202
2017.580822 32.619
2017.665753 36.618
2017.747945 30.015
2017.832877 23.412
2017.915069 22.017
2018 21.831
2018.084932 19.878
2018.161644 19.134
2018.246575 17.739
2018.328767 18.669
2018.413699 14.949
2018.49589 15.414
2018.580822 15.414
2018.665753 14.484
2018.747945 13.554
2018.832877 14.67
2018.915069 15.786
2019 15.6
