Emin [MeV/n]	Emid [MeV/n]	Emax [MeV/n]	Flux [#/(s*sr*cm^2*MeV/n)]
1.00000000E+01	1.00577306E+01	1.01157945E+01	2.84578819E-06
1.01157945E+01	1.01741937E+01	1.02329299E+01	2.90314993E-06
1.02329299E+01	1.02920053E+01	1.03514217E+01	2.96156295E-06
1.03514217E+01	1.04111811E+01	1.04712855E+01	3.02104383E-06
1.04712855E+01	1.05317369E+01	1.05925373E+01	3.08160935E-06
1.05925373E+01	1.06536886E+01	1.07151931E+01	3.14327650E-06
1.07151931E+01	1.07770525E+01	1.08392691E+01	3.20606245E-06
1.08392691E+01	1.09018449E+01	1.09647820E+01	3.26998456E-06
1.09647820E+01	1.10280823E+01	1.10917482E+01	3.33506041E-06
1.10917482E+01	1.11557815E+01	1.12201845E+01	3.40130776E-06
1.12201845E+01	1.12849594E+01	1.13501082E+01	3.46874457E-06
1.13501082E+01	1.14156330E+01	1.14815362E+01	3.53738900E-06
1.14815362E+01	1.15478198E+01	1.16144861E+01	3.60725942E-06
1.16144861E+01	1.16815373E+01	1.17489755E+01	3.67837438E-06
1.17489755E+01	1.18168031E+01	1.18850223E+01	3.75075265E-06
1.18850223E+01	1.19536353E+01	1.20226443E+01	3.82441317E-06
1.20226443E+01	1.20920518E+01	1.21618600E+01	3.89937510E-06
1.21618600E+01	1.22320712E+01	1.23026877E+01	3.97565781E-06
1.23026877E+01	1.23737119E+01	1.24451461E+01	4.05328083E-06
1.24451461E+01	1.25169927E+01	1.25892541E+01	4.13226393E-06
1.25892541E+01	1.26619327E+01	1.27350308E+01	4.21262705E-06
1.27350308E+01	1.28085509E+01	1.28824955E+01	4.29439034E-06
1.28824955E+01	1.29568670E+01	1.30316678E+01	4.37757415E-06
1.30316678E+01	1.31069004E+01	1.31825674E+01	4.46219902E-06
1.31825674E+01	1.32586712E+01	1.33352143E+01	4.54828569E-06
1.33352143E+01	1.34121994E+01	1.34896288E+01	4.63585510E-06
1.34896288E+01	1.35675053E+01	1.36458314E+01	4.72492838E-06
1.36458314E+01	1.37246096E+01	1.38038426E+01	4.81552686E-06
1.38038426E+01	1.38835331E+01	1.39636836E+01	4.90767204E-06
1.39636836E+01	1.40442968E+01	1.41253754E+01	5.00138566E-06
1.41253754E+01	1.42069221E+01	1.42889396E+01	5.09668960E-06
1.42889396E+01	1.43714305E+01	1.44543977E+01	5.19360596E-06
1.44543977E+01	1.45378439E+01	1.46217717E+01	5.29215704E-06
1.46217717E+01	1.47061842E+01	1.47910839E+01	5.39236528E-06
1.47910839E+01	1.48764737E+01	1.49623566E+01	5.49425337E-06
1.49623566E+01	1.50487352E+01	1.51356125E+01	5.59784413E-06
1.51356125E+01	1.52229913E+01	1.53108746E+01	5.70316059E-06
1.53108746E+01	1.53992653E+01	1.54881662E+01	5.81022596E-06
1.54881662E+01	1.55775803E+01	1.56675107E+01	5.91906363E-06
1.56675107E+01	1.57579602E+01	1.58489319E+01	6.02969716E-06
1.58489319E+01	1.59404288E+01	1.60324539E+01	6.14215030E-06
1.60324539E+01	1.61250103E+01	1.62181010E+01	6.25644694E-06
1.62181010E+01	1.63117291E+01	1.64058977E+01	6.37261119E-06
1.64058977E+01	1.65006100E+01	1.65958691E+01	6.49066729E-06
1.65958691E+01	1.66916781E+01	1.67880402E+01	6.61063967E-06
1.67880402E+01	1.68849586E+01	1.69824365E+01	6.73255290E-06
1.69824365E+01	1.70804772E+01	1.71790839E+01	6.85643174E-06
1.71790839E+01	1.72782598E+01	1.73780083E+01	6.98230108E-06
1.73780083E+01	1.74783326E+01	1.75792361E+01	7.11018599E-06
1.75792361E+01	1.76807222E+01	1.77827941E+01	7.24011167E-06
1.77827941E+01	1.78854553E+01	1.79887092E+01	7.37210349E-06
1.79887092E+01	1.80925591E+01	1.81970086E+01	7.50618693E-06
1.81970086E+01	1.83020611E+01	1.84077200E+01	7.64238767E-06
1.84077200E+01	1.85139889E+01	1.86208714E+01	7.78073146E-06
1.86208714E+01	1.87283708E+01	1.88364909E+01	7.92124424E-06
1.88364909E+01	1.89452351E+01	1.90546072E+01	8.06395205E-06
1.90546072E+01	1.91646106E+01	1.92752491E+01	8.20888107E-06
1.92752491E+01	1.93865264E+01	1.94984460E+01	8.35605759E-06
1.94984460E+01	1.96110118E+01	1.97242274E+01	8.50550802E-06
1.97242274E+01	1.98380966E+01	1.99526231E+01	8.65725890E-06
1.99526231E+01	2.00678109E+01	2.01836636E+01	8.81133686E-06
2.01836636E+01	2.03001852E+01	2.04173794E+01	8.96776864E-06
2.04173794E+01	2.05352503E+01	2.06538016E+01	9.12658107E-06
2.06538016E+01	2.07730373E+01	2.08929613E+01	9.28780110E-06
2.08929613E+01	2.10135777E+01	2.11348904E+01	9.45145573E-06
2.11348904E+01	2.12569035E+01	2.13796209E+01	9.61757208E-06
2.13796209E+01	2.15030468E+01	2.16271852E+01	9.78617732E-06
2.16271852E+01	2.17520403E+01	2.18776162E+01	9.95729870E-06
2.18776162E+01	2.20039171E+01	2.21309471E+01	1.01309635E-05
2.21309471E+01	2.22587104E+01	2.23872114E+01	1.03071992E-05
2.23872114E+01	2.25164542E+01	2.26464431E+01	1.04860332E-05
2.26464431E+01	2.27771824E+01	2.29086765E+01	1.06674928E-05
2.29086765E+01	2.30409298E+01	2.31739465E+01	1.08516058E-05
2.31739465E+01	2.33077312E+01	2.34422882E+01	1.10383995E-05
2.34422882E+01	2.35776220E+01	2.37137371E+01	1.12279017E-05
2.37137371E+01	2.38506380E+01	2.39883292E+01	1.14201398E-05
2.39883292E+01	2.41268153E+01	2.42661010E+01	1.16151415E-05
2.42661010E+01	2.44061907E+01	2.45470892E+01	1.18129343E-05
2.45470892E+01	2.46888010E+01	2.48313311E+01	1.20135460E-05
2.48313311E+01	2.49746839E+01	2.51188643E+01	1.22170041E-05
2.51188643E+01	2.52638771E+01	2.54097271E+01	1.24233362E-05
2.54097271E+01	2.55564190E+01	2.57039578E+01	1.26325698E-05
2.57039578E+01	2.58523484E+01	2.60015956E+01	1.28447324E-05
2.60015956E+01	2.61517045E+01	2.63026799E+01	1.30598515E-05
2.63026799E+01	2.64545269E+01	2.66072506E+01	1.32779546E-05
2.66072506E+01	2.67608559E+01	2.69153480E+01	1.34990689E-05
2.69153480E+01	2.70707320E+01	2.72270131E+01	1.37232218E-05
2.72270131E+01	2.73841963E+01	2.75422870E+01	1.39504404E-05
2.75422870E+01	2.77012904E+01	2.78612117E+01	1.41807519E-05
2.78612117E+01	2.80220562E+01	2.81838293E+01	1.44141833E-05
2.81838293E+01	2.83465363E+01	2.85101827E+01	1.46507615E-05
2.85101827E+01	2.86747738E+01	2.88403150E+01	1.48905133E-05
2.88403150E+01	2.90068120E+01	2.91742701E+01	1.51334653E-05
2.91742701E+01	2.93426950E+01	2.95120923E+01	1.53796439E-05
2.95120923E+01	2.96824674E+01	2.98538262E+01	1.56290757E-05
2.98538262E+01	3.00261742E+01	3.01995172E+01	1.58817868E-05
3.01995172E+01	3.03738609E+01	3.05492111E+01	1.61378031E-05
3.05492111E+01	3.07255737E+01	3.09029543E+01	1.63971506E-05
3.09029543E+01	3.10813590E+01	3.12607937E+01	1.66598549E-05
3.12607937E+01	3.14412642E+01	3.16227766E+01	1.69259414E-05
3.16227766E+01	3.18053369E+01	3.19889511E+01	1.71954353E-05
3.19889511E+01	3.21736253E+01	3.23593657E+01	1.74683616E-05
3.23593657E+01	3.25461783E+01	3.27340695E+01	1.77447450E-05
3.27340695E+01	3.29230453E+01	3.31131121E+01	1.80246101E-05
3.31131121E+01	3.33042762E+01	3.34965439E+01	1.83079810E-05
3.34965439E+01	3.36899216E+01	3.38844156E+01	1.85948816E-05
3.38844156E+01	3.40800325E+01	3.42767787E+01	1.88853357E-05
3.42767787E+01	3.44746607E+01	3.46736850E+01	1.91793664E-05
3.46736850E+01	3.48738584E+01	3.50751874E+01	1.94769969E-05
3.50751874E+01	3.52776787E+01	3.54813389E+01	1.97782497E-05
3.54813389E+01	3.56861749E+01	3.58921935E+01	2.00831473E-05
3.58921935E+01	3.60994014E+01	3.63078055E+01	2.03917115E-05
3.63078055E+01	3.65174127E+01	3.67282300E+01	2.07039639E-05
3.67282300E+01	3.69402644E+01	3.71535229E+01	2.10199258E-05
3.71535229E+01	3.73680125E+01	3.75837404E+01	2.13396178E-05
3.75837404E+01	3.78007137E+01	3.80189396E+01	2.16630604E-05
3.80189396E+01	3.82384254E+01	3.84591782E+01	2.19902735E-05
3.84591782E+01	3.86812055E+01	3.89045145E+01	2.23212765E-05
3.89045145E+01	3.91291127E+01	3.93550075E+01	2.26560885E-05
3.93550075E+01	3.95822065E+01	3.98107171E+01	2.29947280E-05
3.98107171E+01	4.00405468E+01	4.02717034E+01	2.33372130E-05
4.02717034E+01	4.05041945E+01	4.07380278E+01	2.36835610E-05
4.07380278E+01	4.09732110E+01	4.12097519E+01	2.40337890E-05
4.12097519E+01	4.14476584E+01	4.16869383E+01	2.43879135E-05
4.16869383E+01	4.19275997E+01	4.21696503E+01	2.47459503E-05
4.21696503E+01	4.24130984E+01	4.26579519E+01	2.51079148E-05
4.26579519E+01	4.29042189E+01	4.31519077E+01	2.54738217E-05
4.31519077E+01	4.34010264E+01	4.36515832E+01	2.58436850E-05
4.36515832E+01	4.39035866E+01	4.41570447E+01	2.62175182E-05
4.41570447E+01	4.44119661E+01	4.46683592E+01	2.65953343E-05
4.46683592E+01	4.49262325E+01	4.51855944E+01	2.69771453E-05
4.51855944E+01	4.54464537E+01	4.57088190E+01	2.73629627E-05
4.57088190E+01	4.59726989E+01	4.62381021E+01	2.77527974E-05
4.62381021E+01	4.65050376E+01	4.67735141E+01	2.81466595E-05
4.67735141E+01	4.70435406E+01	4.73151259E+01	2.85445583E-05
4.73151259E+01	4.75882791E+01	4.78630092E+01	2.89465024E-05
4.78630092E+01	4.81393254E+01	4.84172368E+01	2.93524996E-05
4.84172368E+01	4.86967525E+01	4.89778819E+01	2.97625571E-05
4.89778819E+01	4.92606343E+01	4.95450191E+01	3.01766812E-05
4.95450191E+01	4.98310456E+01	5.01187234E+01	3.05948772E-05
5.01187234E+01	5.04080619E+01	5.06990708E+01	3.10171498E-05
5.06990708E+01	5.09917598E+01	5.12861384E+01	3.14435027E-05
5.12861384E+01	5.15822165E+01	5.18800039E+01	3.18739389E-05
5.18800039E+01	5.21795104E+01	5.24807460E+01	3.23084603E-05
5.24807460E+01	5.27837207E+01	5.30884444E+01	3.27470680E-05
5.30884444E+01	5.33949274E+01	5.37031796E+01	3.31897623E-05
5.37031796E+01	5.40132115E+01	5.43250331E+01	3.36365423E-05
5.43250331E+01	5.46386550E+01	5.49540874E+01	3.40874062E-05
5.49540874E+01	5.52713408E+01	5.55904257E+01	3.45423515E-05
5.55904257E+01	5.59113528E+01	5.62341325E+01	3.50013743E-05
5.62341325E+01	5.65587757E+01	5.68852931E+01	3.54644699E-05
5.68852931E+01	5.72136955E+01	5.75439937E+01	3.59316325E-05
5.75439937E+01	5.78761988E+01	5.82103218E+01	3.64028554E-05
5.82103218E+01	5.85463736E+01	5.88843655E+01	3.68781306E-05
5.88843655E+01	5.92243087E+01	5.95662144E+01	3.73574491E-05
5.95662144E+01	5.99100939E+01	6.02559586E+01	3.78408008E-05
6.02559586E+01	6.06038201E+01	6.09536897E+01	3.83281746E-05
6.09536897E+01	6.13055792E+01	6.16595002E+01	3.88195580E-05
6.16595002E+01	6.20154644E+01	6.23734835E+01	3.93149376E-05
6.23734835E+01	6.27335696E+01	6.30957344E+01	3.98142986E-05
6.30957344E+01	6.34599901E+01	6.38263486E+01	4.03176251E-05
6.38263486E+01	6.41948222E+01	6.45654229E+01	4.08248999E-05
6.45654229E+01	6.49381632E+01	6.53130553E+01	4.13361049E-05
6.53130553E+01	6.56901116E+01	6.60693448E+01	4.18512202E-05
6.60693448E+01	6.64507673E+01	6.68343918E+01	4.23702251E-05
6.68343918E+01	6.72202309E+01	6.76082975E+01	4.28930975E-05
6.76082975E+01	6.79986045E+01	6.83911647E+01	4.34198138E-05
6.83911647E+01	6.87859912E+01	6.91830971E+01	4.39503493E-05
6.91830971E+01	6.95824955E+01	6.99841996E+01	4.44846779E-05
6.99841996E+01	7.03882228E+01	7.07945784E+01	4.50227720E-05
7.07945784E+01	7.12032800E+01	7.16143410E+01	4.55646030E-05
7.16143410E+01	7.20277751E+01	7.24435960E+01	4.61101406E-05
7.24435960E+01	7.28618175E+01	7.32824533E+01	4.66593532E-05
7.32824533E+01	7.37055175E+01	7.41310241E+01	4.72122077E-05
7.41310241E+01	7.45589872E+01	7.49894209E+01	4.77686697E-05
7.49894209E+01	7.54223396E+01	7.58577575E+01	4.83287034E-05
7.58577575E+01	7.62956891E+01	7.67361489E+01	4.88922713E-05
7.67361489E+01	7.71791516E+01	7.76247117E+01	4.94593347E-05
7.76247117E+01	7.80728440E+01	7.85235635E+01	5.00298533E-05
7.85235635E+01	7.89768849E+01	7.94328235E+01	5.06037852E-05
7.94328235E+01	7.98913942E+01	8.03526122E+01	5.11810870E-05
8.03526122E+01	8.08164929E+01	8.12830516E+01	5.17617141E-05
8.12830516E+01	8.17523038E+01	8.22242650E+01	5.23456199E-05
8.22242650E+01	8.26989509E+01	8.31763771E+01	5.29327566E-05
8.31763771E+01	8.36565596E+01	8.41395142E+01	5.35230747E-05
8.41395142E+01	8.46252569E+01	8.51138038E+01	5.41165230E-05
8.51138038E+01	8.56051712E+01	8.60993752E+01	5.47130489E-05
8.60993752E+01	8.65964323E+01	8.70963590E+01	5.53125982E-05
8.70963590E+01	8.75991718E+01	8.81048873E+01	5.59151150E-05
8.81048873E+01	8.86135224E+01	8.91250938E+01	5.65205418E-05
8.91250938E+01	8.96396186E+01	9.01571138E+01	5.71288196E-05
9.01571138E+01	9.06775965E+01	9.12010839E+01	5.77398877E-05
9.12010839E+01	9.17275935E+01	9.22571427E+01	5.83536836E-05
9.22571427E+01	9.27897490E+01	9.33254301E+01	5.89701433E-05
9.33254301E+01	9.38642037E+01	9.44060876E+01	5.95892012E-05
9.44060876E+01	9.49510999E+01	9.54992586E+01	6.02107900E-05
9.54992586E+01	9.60505818E+01	9.66050879E+01	6.08348407E-05
9.66050879E+01	9.71627952E+01	9.77237221E+01	6.14612826E-05
9.77237221E+01	9.82878873E+01	9.88553095E+01	6.20900434E-05
9.88553095E+01	9.94260074E+01	1.00000000E+02	6.27210491E-05
1.00000000E+02	1.00577306E+02	1.01157945E+02	6.33542239E-05
1.01157945E+02	1.01741937E+02	1.02329299E+02	6.39894906E-05
1.02329299E+02	1.02920053E+02	1.03514217E+02	6.46267700E-05
1.03514217E+02	1.04111811E+02	1.04712855E+02	6.52659813E-05
1.04712855E+02	1.05317369E+02	1.05925373E+02	6.59070423E-05
1.05925373E+02	1.06536886E+02	1.07151931E+02	6.65498686E-05
1.07151931E+02	1.07770525E+02	1.08392691E+02	6.71943746E-05
1.08392691E+02	1.09018449E+02	1.09647820E+02	6.78404728E-05
1.09647820E+02	1.10280823E+02	1.10917482E+02	6.84880738E-05
1.10917482E+02	1.11557815E+02	1.12201845E+02	6.91370870E-05
1.12201845E+02	1.12849594E+02	1.13501082E+02	6.97874198E-05
1.13501082E+02	1.14156330E+02	1.14815362E+02	7.04389779E-05
1.14815362E+02	1.15478198E+02	1.16144861E+02	7.10916656E-05
1.16144861E+02	1.16815373E+02	1.17489755E+02	7.17453853E-05
1.17489755E+02	1.18168031E+02	1.18850223E+02	7.24000379E-05
1.18850223E+02	1.19536353E+02	1.20226443E+02	7.30555225E-05
1.20226443E+02	1.20920518E+02	1.21618600E+02	7.37117368E-05
1.21618600E+02	1.22320712E+02	1.23026877E+02	7.43685766E-05
1.23026877E+02	1.23737119E+02	1.24451461E+02	7.50259364E-05
1.24451461E+02	1.25169927E+02	1.25892541E+02	7.56837089E-05
1.25892541E+02	1.26619327E+02	1.27350308E+02	7.63417852E-05
1.27350308E+02	1.28085509E+02	1.28824955E+02	7.70000549E-05
1.28824955E+02	1.29568670E+02	1.30316678E+02	7.76584061E-05
1.30316678E+02	1.31069004E+02	1.31825674E+02	7.83167254E-05
1.31825674E+02	1.32586712E+02	1.33352143E+02	7.89748975E-05
1.33352143E+02	1.34121994E+02	1.34896288E+02	7.96328061E-05
1.34896288E+02	1.35675053E+02	1.36458314E+02	8.02903332E-05
1.36458314E+02	1.37246096E+02	1.38038426E+02	8.09473592E-05
1.38038426E+02	1.38835331E+02	1.39636836E+02	8.16037633E-05
1.39636836E+02	1.40442968E+02	1.41253754E+02	8.22594231E-05
1.41253754E+02	1.42069221E+02	1.42889396E+02	8.29142149E-05
1.42889396E+02	1.43714305E+02	1.44543977E+02	8.35680136E-05
1.44543977E+02	1.45378439E+02	1.46217717E+02	8.42206928E-05
1.46217717E+02	1.47061842E+02	1.47910839E+02	8.48721245E-05
1.47910839E+02	1.48764737E+02	1.49623566E+02	8.55221799E-05
1.49623566E+02	1.50487352E+02	1.51356125E+02	8.61707285E-05
1.51356125E+02	1.52229913E+02	1.53108746E+02	8.68176389E-05
1.53108746E+02	1.53992653E+02	1.54881662E+02	8.74627781E-05
1.54881662E+02	1.55775803E+02	1.56675107E+02	8.81060122E-05
1.56675107E+02	1.57579602E+02	1.58489319E+02	8.87472062E-05
1.58489319E+02	1.59404288E+02	1.60324539E+02	8.93862239E-05
1.60324539E+02	1.61250103E+02	1.62181010E+02	9.00229279E-05
1.62181010E+02	1.63117291E+02	1.64058977E+02	9.06571800E-05
1.64058977E+02	1.65006100E+02	1.65958691E+02	9.12888409E-05
1.65958691E+02	1.66916781E+02	1.67880402E+02	9.19177702E-05
1.67880402E+02	1.68849586E+02	1.69824365E+02	9.25438268E-05
1.69824365E+02	1.70804772E+02	1.71790839E+02	9.31668686E-05
1.71790839E+02	1.72782598E+02	1.73780083E+02	9.37867527E-05
1.73780083E+02	1.74783326E+02	1.75792361E+02	9.44033354E-05
1.75792361E+02	1.76807222E+02	1.77827941E+02	9.50164722E-05
1.77827941E+02	1.78854553E+02	1.79887092E+02	9.56260179E-05
1.79887092E+02	1.80925591E+02	1.81970086E+02	9.62318267E-05
1.81970086E+02	1.83020611E+02	1.84077200E+02	9.68337522E-05
1.84077200E+02	1.85139889E+02	1.86208714E+02	9.74316474E-05
1.86208714E+02	1.87283708E+02	1.88364909E+02	9.80253646E-05
1.88364909E+02	1.89452351E+02	1.90546072E+02	9.86147560E-05
1.90546072E+02	1.91646106E+02	1.92752491E+02	9.91996730E-05
1.92752491E+02	1.93865264E+02	1.94984460E+02	9.97799669E-05
1.94984460E+02	1.96110118E+02	1.97242274E+02	1.00355489E-04
1.97242274E+02	1.98380966E+02	1.99526231E+02	1.00926089E-04
1.99526231E+02	2.00678109E+02	2.01836636E+02	1.01491618E-04
2.01836636E+02	2.03001852E+02	2.04173794E+02	1.02051926E-04
2.04173794E+02	2.05352503E+02	2.06538016E+02	1.02606863E-04
2.06538016E+02	2.07730373E+02	2.08929613E+02	1.03156281E-04
2.08929613E+02	2.10135777E+02	2.11348904E+02	1.03700027E-04
2.11348904E+02	2.12569035E+02	2.13796209E+02	1.04237954E-04
2.13796209E+02	2.15030468E+02	2.16271852E+02	1.04769912E-04
2.16271852E+02	2.17520403E+02	2.18776162E+02	1.05295750E-04
2.18776162E+02	2.20039171E+02	2.21309471E+02	1.05815320E-04
2.21309471E+02	2.22587104E+02	2.23872114E+02	1.06328474E-04
2.23872114E+02	2.25164542E+02	2.26464431E+02	1.06835062E-04
2.26464431E+02	2.27771824E+02	2.29086765E+02	1.07334938E-04
2.29086765E+02	2.30409298E+02	2.31739465E+02	1.07827953E-04
2.31739465E+02	2.33077312E+02	2.34422882E+02	1.08313961E-04
2.34422882E+02	2.35776220E+02	2.37137371E+02	1.08792816E-04
2.37137371E+02	2.38506380E+02	2.39883292E+02	1.09264371E-04
2.39883292E+02	2.41268153E+02	2.42661010E+02	1.09728484E-04
2.42661010E+02	2.44061907E+02	2.45470892E+02	1.10185009E-04
2.45470892E+02	2.46888010E+02	2.48313311E+02	1.10633805E-04
2.48313311E+02	2.49746839E+02	2.51188643E+02	1.11074729E-04
2.51188643E+02	2.52638771E+02	2.54097271E+02	1.11507640E-04
2.54097271E+02	2.55564190E+02	2.57039578E+02	1.11932399E-04
2.57039578E+02	2.58523484E+02	2.60015956E+02	1.12348867E-04
2.60015956E+02	2.61517045E+02	2.63026799E+02	1.12756908E-04
2.63026799E+02	2.64545269E+02	2.66072506E+02	1.13156386E-04
2.66072506E+02	2.67608559E+02	2.69153480E+02	1.13547165E-04
2.69153480E+02	2.70707320E+02	2.72270131E+02	1.13929113E-04
2.72270131E+02	2.73841963E+02	2.75422870E+02	1.14302100E-04
2.75422870E+02	2.77012904E+02	2.78612117E+02	1.14665994E-04
2.78612117E+02	2.80220562E+02	2.81838293E+02	1.15020669E-04
2.81838293E+02	2.83465363E+02	2.85101827E+02	1.15365997E-04
2.85101827E+02	2.86747738E+02	2.88403150E+02	1.15701855E-04
2.88403150E+02	2.90068120E+02	2.91742701E+02	1.16028120E-04
2.91742701E+02	2.93426950E+02	2.95120923E+02	1.16344671E-04
2.95120923E+02	2.96824674E+02	2.98538262E+02	1.16651390E-04
2.98538262E+02	3.00261742E+02	3.01995172E+02	1.16948161E-04
3.01995172E+02	3.03738609E+02	3.05492111E+02	1.17234870E-04
3.05492111E+02	3.07255737E+02	3.09029543E+02	1.17511404E-04
3.09029543E+02	3.10813590E+02	3.12607937E+02	1.17777654E-04
3.12607937E+02	3.14412642E+02	3.16227766E+02	1.18033513E-04
3.16227766E+02	3.18053369E+02	3.19889511E+02	1.18278877E-04
3.19889511E+02	3.21736253E+02	3.23593657E+02	1.18513643E-04
3.23593657E+02	3.25461783E+02	3.27340695E+02	1.18737711E-04
3.27340695E+02	3.29230453E+02	3.31131121E+02	1.18950985E-04
3.31131121E+02	3.33042762E+02	3.34965439E+02	1.19153370E-04
3.34965439E+02	3.36899216E+02	3.38844156E+02	1.19344776E-04
3.38844156E+02	3.40800325E+02	3.42767787E+02	1.19525114E-04
3.42767787E+02	3.44746607E+02	3.46736850E+02	1.19694298E-04
3.46736850E+02	3.48738584E+02	3.50751874E+02	1.19852245E-04
3.50751874E+02	3.52776787E+02	3.54813389E+02	1.19998877E-04
3.54813389E+02	3.56861749E+02	3.58921935E+02	1.20134116E-04
3.58921935E+02	3.60994014E+02	3.63078055E+02	1.20257890E-04
3.63078055E+02	3.65174127E+02	3.67282300E+02	1.20370128E-04
3.67282300E+02	3.69402644E+02	3.71535229E+02	1.20470763E-04
3.71535229E+02	3.73680125E+02	3.75837404E+02	1.20559733E-04
3.75837404E+02	3.78007137E+02	3.80189396E+02	1.20636976E-04
3.80189396E+02	3.82384254E+02	3.84591782E+02	1.20702438E-04
3.84591782E+02	3.86812055E+02	3.89045145E+02	1.20756063E-04
3.89045145E+02	3.91291127E+02	3.93550075E+02	1.20797803E-04
3.93550075E+02	3.95822065E+02	3.98107171E+02	1.20827612E-04
3.98107171E+02	4.00405468E+02	4.02717034E+02	1.20845446E-04
4.02717034E+02	4.05041945E+02	4.07380278E+02	1.20851268E-04
4.07380278E+02	4.09732110E+02	4.12097519E+02	1.20845043E-04
4.12097519E+02	4.14476584E+02	4.16869383E+02	1.20826738E-04
4.16869383E+02	4.19275997E+02	4.21696503E+02	1.20796327E-04
4.21696503E+02	4.24130984E+02	4.26579519E+02	1.20753786E-04
4.26579519E+02	4.29042189E+02	4.31519077E+02	1.20699095E-04
4.31519077E+02	4.34010264E+02	4.36515832E+02	1.20632237E-04
4.36515832E+02	4.39035866E+02	4.41570447E+02	1.20553202E-04
4.41570447E+02	4.44119661E+02	4.46683592E+02	1.20461980E-04
4.46683592E+02	4.49262325E+02	4.51855944E+02	1.20358568E-04
4.51855944E+02	4.54464537E+02	4.57088190E+02	1.20242965E-04
4.57088190E+02	4.59726989E+02	4.62381021E+02	1.20115176E-04
4.62381021E+02	4.65050376E+02	4.67735141E+02	1.19975208E-04
4.67735141E+02	4.70435406E+02	4.73151259E+02	1.19823073E-04
4.73151259E+02	4.75882791E+02	4.78630092E+02	1.19658787E-04
4.78630092E+02	4.81393254E+02	4.84172368E+02	1.19482370E-04
4.84172368E+02	4.86967525E+02	4.89778819E+02	1.19293847E-04
4.89778819E+02	4.92606343E+02	4.95450191E+02	1.19093245E-04
4.95450191E+02	4.98310456E+02	5.01187234E+02	1.18880597E-04
5.01187234E+02	5.04080619E+02	5.06990708E+02	1.18655940E-04
5.06990708E+02	5.09917598E+02	5.12861384E+02	1.18419313E-04
5.12861384E+02	5.15822165E+02	5.18800039E+02	1.18170762E-04
5.18800039E+02	5.21795104E+02	5.24807460E+02	1.17910335E-04
5.24807460E+02	5.27837207E+02	5.30884444E+02	1.17638084E-04
5.30884444E+02	5.33949274E+02	5.37031796E+02	1.17354068E-04
5.37031796E+02	5.40132115E+02	5.43250331E+02	1.17058346E-04
5.43250331E+02	5.46386550E+02	5.49540874E+02	1.16750984E-04
5.49540874E+02	5.52713408E+02	5.55904257E+02	1.16432050E-04
5.55904257E+02	5.59113528E+02	5.62341325E+02	1.16101618E-04
5.62341325E+02	5.65587757E+02	5.68852931E+02	1.15759765E-04
5.68852931E+02	5.72136955E+02	5.75439937E+02	1.15406570E-04
5.75439937E+02	5.78761988E+02	5.82103218E+02	1.15042120E-04
5.82103218E+02	5.85463736E+02	5.88843655E+02	1.14666503E-04
5.88843655E+02	5.92243087E+02	5.95662144E+02	1.14279811E-04
5.95662144E+02	5.99100939E+02	6.02559586E+02	1.13882141E-04
6.02559586E+02	6.06038201E+02	6.09536897E+02	1.13473593E-04
6.09536897E+02	6.13055792E+02	6.16595002E+02	1.13054270E-04
6.16595002E+02	6.20154644E+02	6.23734835E+02	1.12624281E-04
6.23734835E+02	6.27335696E+02	6.30957344E+02	1.12183736E-04
6.30957344E+02	6.34599901E+02	6.38263486E+02	1.11732751E-04
6.38263486E+02	6.41948222E+02	6.45654229E+02	1.11271444E-04
6.45654229E+02	6.49381632E+02	6.53130553E+02	1.10799936E-04
6.53130553E+02	6.56901116E+02	6.60693448E+02	1.10318353E-04
6.60693448E+02	6.64507673E+02	6.68343918E+02	1.09826824E-04
6.68343918E+02	6.72202309E+02	6.76082975E+02	1.09325480E-04
6.76082975E+02	6.79986045E+02	6.83911647E+02	1.08814458E-04
6.83911647E+02	6.87859912E+02	6.91830971E+02	1.08293894E-04
6.91830971E+02	6.95824955E+02	6.99841996E+02	1.07763932E-04
6.99841996E+02	7.03882228E+02	7.07945784E+02	1.07224715E-04
7.07945784E+02	7.12032800E+02	7.16143410E+02	1.06676391E-04
7.16143410E+02	7.20277751E+02	7.24435960E+02	1.06119110E-04
7.24435960E+02	7.28618175E+02	7.32824533E+02	1.05553027E-04
7.32824533E+02	7.37055175E+02	7.41310241E+02	1.04978297E-04
7.41310241E+02	7.45589872E+02	7.49894209E+02	1.04395078E-04
7.49894209E+02	7.54223396E+02	7.58577575E+02	1.03803533E-04
7.58577575E+02	7.62956891E+02	7.67361489E+02	1.03203824E-04
7.67361489E+02	7.71791516E+02	7.76247117E+02	1.02596119E-04
7.76247117E+02	7.80728440E+02	7.85235635E+02	1.01980586E-04
7.85235635E+02	7.89768849E+02	7.94328235E+02	1.01357396E-04
7.94328235E+02	7.98913942E+02	8.03526122E+02	1.00726722E-04
8.03526122E+02	8.08164929E+02	8.12830516E+02	1.00088738E-04
8.12830516E+02	8.17523038E+02	8.22242650E+02	9.94436232E-05
8.22242650E+02	8.26989509E+02	8.31763771E+02	9.87915552E-05
8.31763771E+02	8.36565596E+02	8.41395142E+02	9.81327152E-05
8.41395142E+02	8.46252569E+02	8.51138038E+02	9.74672855E-05
8.51138038E+02	8.56051712E+02	8.60993752E+02	9.67954504E-05
8.60993752E+02	8.65964323E+02	8.70963590E+02	9.61173954E-05
8.70963590E+02	8.75991718E+02	8.81048873E+02	9.54333076E-05
8.81048873E+02	8.86135224E+02	8.91250938E+02	9.47433752E-05
8.91250938E+02	8.96396186E+02	9.01571138E+02	9.40477878E-05
9.01571138E+02	9.06775965E+02	9.12010839E+02	9.33467361E-05
9.12010839E+02	9.17275935E+02	9.22571427E+02	9.26404117E-05
9.22571427E+02	9.27897490E+02	9.33254301E+02	9.19290071E-05
9.33254301E+02	9.38642037E+02	9.44060876E+02	9.12127158E-05
9.44060876E+02	9.49510999E+02	9.54992586E+02	9.04917319E-05
9.54992586E+02	9.60505818E+02	9.66050879E+02	8.97662500E-05
9.66050879E+02	9.71627952E+02	9.77237221E+02	8.90364653E-05
9.77237221E+02	9.82878873E+02	9.88553095E+02	8.83025735E-05
9.88553095E+02	9.94260074E+02	1.00000000E+03	8.75647704E-05
1.00000000E+03	1.00577306E+03	1.01157945E+03	8.68232522E-05
1.01157945E+03	1.01741937E+03	1.02329299E+03	8.60782150E-05
1.02329299E+03	1.02920053E+03	1.03514217E+03	8.53298552E-05
1.03514217E+03	1.04111811E+03	1.04712855E+03	8.45783688E-05
1.04712855E+03	1.05317369E+03	1.05925373E+03	8.38239517E-05
1.05925373E+03	1.06536886E+03	1.07151931E+03	8.30667996E-05
1.07151931E+03	1.07770525E+03	1.08392691E+03	8.23071077E-05
1.08392691E+03	1.09018449E+03	1.09647820E+03	8.15450707E-05
1.09647820E+03	1.10280823E+03	1.10917482E+03	8.07808828E-05
1.10917482E+03	1.11557815E+03	1.12201845E+03	8.00147374E-05
1.12201845E+03	1.12849594E+03	1.13501082E+03	7.92468273E-05
1.13501082E+03	1.14156330E+03	1.14815362E+03	7.84773442E-05
1.14815362E+03	1.15478198E+03	1.16144861E+03	7.77064790E-05
1.16144861E+03	1.16815373E+03	1.17489755E+03	7.69344216E-05
1.17489755E+03	1.18168031E+03	1.18850223E+03	7.61613605E-05
1.18850223E+03	1.19536353E+03	1.20226443E+03	7.53874833E-05
1.20226443E+03	1.20920518E+03	1.21618600E+03	7.46129759E-05
1.21618600E+03	1.22320712E+03	1.23026877E+03	7.38380232E-05
1.23026877E+03	1.23737119E+03	1.24451461E+03	7.30628084E-05
1.24451461E+03	1.25169927E+03	1.25892541E+03	7.22875130E-05
1.25892541E+03	1.26619327E+03	1.27350308E+03	7.15123171E-05
1.27350308E+03	1.28085509E+03	1.28824955E+03	7.07373991E-05
1.28824955E+03	1.29568670E+03	1.30316678E+03	6.99629352E-05
1.30316678E+03	1.31069004E+03	1.31825674E+03	6.91891002E-05
1.31825674E+03	1.32586712E+03	1.33352143E+03	6.84160667E-05
1.33352143E+03	1.34121994E+03	1.34896288E+03	6.76440053E-05
1.34896288E+03	1.35675053E+03	1.36458314E+03	6.68730845E-05
1.36458314E+03	1.37246096E+03	1.38038426E+03	6.61034706E-05
1.38038426E+03	1.38835331E+03	1.39636836E+03	6.53353280E-05
1.39636836E+03	1.40442968E+03	1.41253754E+03	6.45688183E-05
1.41253754E+03	1.42069221E+03	1.42889396E+03	6.38041011E-05
1.42889396E+03	1.43714305E+03	1.44543977E+03	6.30413336E-05
1.44543977E+03	1.45378439E+03	1.46217717E+03	6.22806703E-05
1.46217717E+03	1.47061842E+03	1.47910839E+03	6.15222634E-05
1.47910839E+03	1.48764737E+03	1.49623566E+03	6.07662625E-05
1.49623566E+03	1.50487352E+03	1.51356125E+03	6.00128146E-05
1.51356125E+03	1.52229913E+03	1.53108746E+03	5.92620638E-05
1.53108746E+03	1.53992653E+03	1.54881662E+03	5.85141518E-05
1.54881662E+03	1.55775803E+03	1.56675107E+03	5.77692175E-05
1.56675107E+03	1.57579602E+03	1.58489319E+03	5.70273969E-05
1.58489319E+03	1.59404288E+03	1.60324539E+03	5.62888231E-05
1.60324539E+03	1.61250103E+03	1.62181010E+03	5.55536267E-05
1.62181010E+03	1.63117291E+03	1.64058977E+03	5.48219350E-05
1.64058977E+03	1.65006100E+03	1.65958691E+03	5.40938726E-05
1.65958691E+03	1.66916781E+03	1.67880402E+03	5.33695611E-05
1.67880402E+03	1.68849586E+03	1.69824365E+03	5.26491192E-05
1.69824365E+03	1.70804772E+03	1.71790839E+03	5.19326623E-05
1.71790839E+03	1.72782598E+03	1.73780083E+03	5.12203032E-05
1.73780083E+03	1.74783326E+03	1.75792361E+03	5.05121514E-05
1.75792361E+03	1.76807222E+03	1.77827941E+03	4.98083134E-05
1.77827941E+03	1.78854553E+03	1.79887092E+03	4.91088926E-05
1.79887092E+03	1.80925591E+03	1.81970086E+03	4.84139894E-05
1.81970086E+03	1.83020611E+03	1.84077200E+03	4.77237011E-05
1.84077200E+03	1.85139889E+03	1.86208714E+03	4.70381218E-05
1.86208714E+03	1.87283708E+03	1.88364909E+03	4.63573426E-05
1.88364909E+03	1.89452351E+03	1.90546072E+03	4.56814515E-05
1.90546072E+03	1.91646106E+03	1.92752491E+03	4.50105333E-05
1.92752491E+03	1.93865264E+03	1.94984460E+03	4.43446697E-05
1.94984460E+03	1.96110118E+03	1.97242274E+03	4.36839396E-05
1.97242274E+03	1.98380966E+03	1.99526231E+03	4.30284183E-05
1.99526231E+03	2.00678109E+03	2.01836636E+03	4.23781784E-05
2.01836636E+03	2.03001852E+03	2.04173794E+03	4.17332894E-05
2.04173794E+03	2.05352503E+03	2.06538016E+03	4.10938175E-05
2.06538016E+03	2.07730373E+03	2.08929613E+03	4.04598261E-05
2.08929613E+03	2.10135777E+03	2.11348904E+03	3.98313754E-05
2.11348904E+03	2.12569035E+03	2.13796209E+03	3.92085227E-05
2.13796209E+03	2.15030468E+03	2.16271852E+03	3.85913222E-05
2.16271852E+03	2.17520403E+03	2.18776162E+03	3.79798252E-05
2.18776162E+03	2.20039171E+03	2.21309471E+03	3.73740801E-05
2.21309471E+03	2.22587104E+03	2.23872114E+03	3.67741322E-05
2.23872114E+03	2.25164542E+03	2.26464431E+03	3.61800241E-05
2.26464431E+03	2.27771824E+03	2.29086765E+03	3.55917953E-05
2.29086765E+03	2.30409298E+03	2.31739465E+03	3.50094828E-05
2.31739465E+03	2.33077312E+03	2.34422882E+03	3.44331203E-05
2.34422882E+03	2.35776220E+03	2.37137371E+03	3.38627392E-05
2.37137371E+03	2.38506380E+03	2.39883292E+03	3.32983679E-05
2.39883292E+03	2.41268153E+03	2.42661010E+03	3.27400321E-05
2.42661010E+03	2.44061907E+03	2.45470892E+03	3.21877548E-05
2.45470892E+03	2.46888010E+03	2.48313311E+03	3.16415565E-05
2.48313311E+03	2.49746839E+03	2.51188643E+03	3.11014549E-05
2.51188643E+03	2.52638771E+03	2.54097271E+03	3.05674654E-05
2.54097271E+03	2.55564190E+03	2.57039578E+03	3.00396005E-05
2.57039578E+03	2.58523484E+03	2.60015956E+03	2.95178706E-05
2.60015956E+03	2.61517045E+03	2.63026799E+03	2.90022835E-05
2.63026799E+03	2.64545269E+03	2.66072506E+03	2.84928445E-05
2.66072506E+03	2.67608559E+03	2.69153480E+03	2.79895566E-05
2.69153480E+03	2.70707320E+03	2.72270131E+03	2.74924207E-05
2.72270131E+03	2.73841963E+03	2.75422870E+03	2.70014352E-05
2.75422870E+03	2.77012904E+03	2.78612117E+03	2.65165963E-05
2.78612117E+03	2.80220562E+03	2.81838293E+03	2.60378980E-05
2.81838293E+03	2.83465363E+03	2.85101827E+03	2.55653325E-05
2.85101827E+03	2.86747738E+03	2.88403150E+03	2.50988894E-05
2.88403150E+03	2.90068120E+03	2.91742701E+03	2.46385567E-05
2.91742701E+03	2.93426950E+03	2.95120923E+03	2.41843202E-05
2.95120923E+03	2.96824674E+03	2.98538262E+03	2.37361638E-05
2.98538262E+03	3.00261742E+03	3.01995172E+03	2.32940696E-05
3.01995172E+03	3.03738609E+03	3.05492111E+03	2.28580178E-05
3.05492111E+03	3.07255737E+03	3.09029543E+03	2.24279868E-05
3.09029543E+03	3.10813590E+03	3.12607937E+03	2.20039532E-05
3.12607937E+03	3.14412642E+03	3.16227766E+03	2.15858921E-05
3.16227766E+03	3.18053369E+03	3.19889511E+03	2.11737767E-05
3.19889511E+03	3.21736253E+03	3.23593657E+03	2.07675789E-05
3.23593657E+03	3.25461783E+03	3.27340695E+03	2.03672688E-05
3.27340695E+03	3.29230453E+03	3.31131121E+03	1.99728153E-05
3.31131121E+03	3.33042762E+03	3.34965439E+03	1.95841855E-05
3.34965439E+03	3.36899216E+03	3.38844156E+03	1.92013453E-05
3.38844156E+03	3.40800325E+03	3.42767787E+03	1.88242593E-05
3.42767787E+03	3.44746607E+03	3.46736850E+03	1.84528908E-05
3.46736850E+03	3.48738584E+03	3.50751874E+03	1.80872017E-05
3.50751874E+03	3.52776787E+03	3.54813389E+03	1.77271528E-05
3.54813389E+03	3.56861749E+03	3.58921935E+03	1.73727038E-05
3.58921935E+03	3.60994014E+03	3.63078055E+03	1.70238132E-05
3.63078055E+03	3.65174127E+03	3.67282300E+03	1.66804386E-05
3.67282300E+03	3.69402644E+03	3.71535229E+03	1.63425363E-05
3.71535229E+03	3.73680125E+03	3.75837404E+03	1.60100619E-05
3.75837404E+03	3.78007137E+03	3.80189396E+03	1.56829700E-05
3.80189396E+03	3.82384254E+03	3.84591782E+03	1.53612143E-05
3.84591782E+03	3.86812055E+03	3.89045145E+03	1.50447477E-05
3.89045145E+03	3.91291127E+03	3.93550075E+03	1.47335222E-05
3.93550075E+03	3.95822065E+03	3.98107171E+03	1.44274892E-05
3.98107171E+03	4.00405468E+03	4.02717034E+03	1.41265995E-05
4.02717034E+03	4.05041945E+03	4.07380278E+03	1.38308029E-05
4.07380278E+03	4.09732110E+03	4.12097519E+03	1.35400488E-05
4.12097519E+03	4.14476584E+03	4.16869383E+03	1.32542861E-05
4.16869383E+03	4.19275997E+03	4.21696503E+03	1.29734630E-05
4.21696503E+03	4.24130984E+03	4.26579519E+03	1.26975272E-05
4.26579519E+03	4.29042189E+03	4.31519077E+03	1.24264261E-05
4.31519077E+03	4.34010264E+03	4.36515832E+03	1.21601067E-05
4.36515832E+03	4.39035866E+03	4.41570447E+03	1.18985152E-05
4.41570447E+03	4.44119661E+03	4.46683592E+03	1.16415981E-05
4.46683592E+03	4.49262325E+03	4.51855944E+03	1.13893009E-05
4.51855944E+03	4.54464537E+03	4.57088190E+03	1.11415695E-05
4.57088190E+03	4.59726989E+03	4.62381021E+03	1.08983490E-05
4.62381021E+03	4.65050376E+03	4.67735141E+03	1.06595847E-05
4.67735141E+03	4.70435406E+03	4.73151259E+03	1.04252213E-05
4.73151259E+03	4.75882791E+03	4.78630092E+03	1.01952039E-05
4.78630092E+03	4.81393254E+03	4.84172368E+03	9.96947697E-06
4.84172368E+03	4.86967525E+03	4.89778819E+03	9.74798520E-06
4.89778819E+03	4.92606343E+03	4.95450191E+03	9.53067315E-06
4.95450191E+03	4.98310456E+03	5.01187234E+03	9.31748533E-06
5.01187234E+03	5.04080619E+03	5.06990708E+03	9.10836629E-06
5.06990708E+03	5.09917598E+03	5.12861384E+03	8.90326059E-06
5.12861384E+03	5.15822165E+03	5.18800039E+03	8.70211285E-06
5.18800039E+03	5.21795104E+03	5.24807460E+03	8.50486777E-06
5.24807460E+03	5.27837207E+03	5.30884444E+03	8.31147018E-06
5.30884444E+03	5.33949274E+03	5.37031796E+03	8.12186501E-06
5.37031796E+03	5.40132115E+03	5.43250331E+03	7.93599737E-06
5.43250331E+03	5.46386550E+03	5.49540874E+03	7.75381253E-06
5.49540874E+03	5.52713408E+03	5.55904257E+03	7.57525596E-06
5.55904257E+03	5.59113528E+03	5.62341325E+03	7.40027336E-06
5.62341325E+03	5.65587757E+03	5.68852931E+03	7.22881066E-06
5.68852931E+03	5.72136955E+03	5.75439937E+03	7.06081406E-06
5.75439937E+03	5.78761988E+03	5.82103218E+03	6.89623002E-06
5.82103218E+03	5.85463736E+03	5.88843655E+03	6.73500530E-06
5.88843655E+03	5.92243087E+03	5.95662144E+03	6.57708700E-06
5.95662144E+03	5.99100939E+03	6.02559586E+03	6.42242250E-06
6.02559586E+03	6.06038201E+03	6.09536897E+03	6.27095956E-06
6.09536897E+03	6.13055792E+03	6.16595002E+03	6.12264630E-06
6.16595002E+03	6.20154644E+03	6.23734835E+03	5.97743119E-06
6.23734835E+03	6.27335696E+03	6.30957344E+03	5.83526310E-06
6.30957344E+03	6.34599901E+03	6.38263486E+03	5.69609132E-06
6.38263486E+03	6.41948222E+03	6.45654229E+03	5.55986553E-06
6.45654229E+03	6.49381632E+03	6.53130553E+03	5.42653582E-06
6.53130553E+03	6.56901116E+03	6.60693448E+03	5.29605276E-06
6.60693448E+03	6.64507673E+03	6.68343918E+03	5.16836733E-06
6.68343918E+03	6.72202309E+03	6.76082975E+03	5.04343098E-06
6.76082975E+03	6.79986045E+03	6.83911647E+03	4.92119563E-06
6.83911647E+03	6.87859912E+03	6.91830971E+03	4.80161365E-06
6.91830971E+03	6.95824955E+03	6.99841996E+03	4.68463792E-06
6.99841996E+03	7.03882228E+03	7.07945784E+03	4.57022179E-06
7.07945784E+03	7.12032800E+03	7.16143410E+03	4.45831913E-06
7.16143410E+03	7.20277751E+03	7.24435960E+03	4.34888428E-06
7.24435960E+03	7.28618175E+03	7.32824533E+03	4.24187212E-06
7.32824533E+03	7.37055175E+03	7.41310241E+03	4.13723803E-06
7.41310241E+03	7.45589872E+03	7.49894209E+03	4.03493789E-06
7.49894209E+03	7.54223396E+03	7.58577575E+03	3.93492815E-06
7.58577575E+03	7.62956891E+03	7.67361489E+03	3.83716575E-06
7.67361489E+03	7.71791516E+03	7.76247117E+03	3.74160817E-06
7.76247117E+03	7.80728440E+03	7.85235635E+03	3.64821343E-06
7.85235635E+03	7.89768849E+03	7.94328235E+03	3.55694008E-06
7.94328235E+03	7.98913942E+03	8.03526122E+03	3.46774722E-06
8.03526122E+03	8.08164929E+03	8.12830516E+03	3.38059448E-06
8.12830516E+03	8.17523038E+03	8.22242650E+03	3.29544204E-06
8.22242650E+03	8.26989509E+03	8.31763771E+03	3.21225062E-06
8.31763771E+03	8.36565596E+03	8.41395142E+03	3.13098149E-06
8.41395142E+03	8.46252569E+03	8.51138038E+03	3.05159645E-06
8.51138038E+03	8.56051712E+03	8.60993752E+03	2.97405785E-06
8.60993752E+03	8.65964323E+03	8.70963590E+03	2.89832861E-06
8.70963590E+03	8.75991718E+03	8.81048873E+03	2.82437216E-06
8.81048873E+03	8.86135224E+03	8.91250938E+03	2.75215248E-06
8.91250938E+03	8.96396186E+03	9.01571138E+03	2.68163411E-06
9.01571138E+03	9.06775965E+03	9.12010839E+03	2.61278211E-06
9.12010839E+03	9.17275935E+03	9.22571427E+03	2.54556210E-06
9.22571427E+03	9.27897490E+03	9.33254301E+03	2.47994020E-06
9.33254301E+03	9.38642037E+03	9.44060876E+03	2.41588310E-06
9.44060876E+03	9.49510999E+03	9.54992586E+03	2.35335802E-06
9.54992586E+03	9.60505818E+03	9.66050879E+03	2.29233268E-06
9.66050879E+03	9.71627952E+03	9.77237221E+03	2.23277535E-06
9.77237221E+03	9.82878873E+03	9.88553095E+03	2.17465482E-06
9.88553095E+03	9.94260074E+03	1.00000000E+04	2.11794039E-06
1.00000000E+04	1.00577306E+04	1.01157945E+04	2.06260188E-06
1.01157945E+04	1.01741937E+04	1.02329299E+04	2.00860963E-06
1.02329299E+04	1.02920053E+04	1.03514217E+04	1.95593449E-06
1.03514217E+04	1.04111811E+04	1.04712855E+04	1.90454779E-06
1.04712855E+04	1.05317369E+04	1.05925373E+04	1.85442139E-06
1.05925373E+04	1.06536886E+04	1.07151931E+04	1.80552762E-06
1.07151931E+04	1.07770525E+04	1.08392691E+04	1.75783933E-06
1.08392691E+04	1.09018449E+04	1.09647820E+04	1.71132983E-06
1.09647820E+04	1.10280823E+04	1.10917482E+04	1.66597292E-06
1.10917482E+04	1.11557815E+04	1.12201845E+04	1.62174288E-06
1.12201845E+04	1.12849594E+04	1.13501082E+04	1.57861446E-06
1.13501082E+04	1.14156330E+04	1.14815362E+04	1.53656289E-06
1.14815362E+04	1.15478198E+04	1.16144861E+04	1.49556384E-06
1.16144861E+04	1.16815373E+04	1.17489755E+04	1.45559345E-06
1.17489755E+04	1.18168031E+04	1.18850223E+04	1.41662831E-06
1.18850223E+04	1.19536353E+04	1.20226443E+04	1.37864546E-06
1.20226443E+04	1.20920518E+04	1.21618600E+04	1.34162236E-06
1.21618600E+04	1.22320712E+04	1.23026877E+04	1.30553694E-06
1.23026877E+04	1.23737119E+04	1.24451461E+04	1.27036753E-06
1.24451461E+04	1.25169927E+04	1.25892541E+04	1.23609290E-06
1.25892541E+04	1.26619327E+04	1.27350308E+04	1.20269223E-06
1.27350308E+04	1.28085509E+04	1.28824955E+04	1.17014512E-06
1.28824955E+04	1.29568670E+04	1.30316678E+04	1.13843158E-06
1.30316678E+04	1.31069004E+04	1.31825674E+04	1.10753201E-06
1.31825674E+04	1.32586712E+04	1.33352143E+04	1.07742722E-06
1.33352143E+04	1.34121994E+04	1.34896288E+04	1.04809840E-06
1.34896288E+04	1.35675053E+04	1.36458314E+04	1.01952713E-06
1.36458314E+04	1.37246096E+04	1.38038426E+04	9.91695370E-07
1.38038426E+04	1.38835331E+04	1.39636836E+04	9.64585450E-07
1.39636836E+04	1.40442968E+04	1.41253754E+04	9.38180070E-07
1.41253754E+04	1.42069221E+04	1.42889396E+04	9.12462293E-07
1.42889396E+04	1.43714305E+04	1.44543977E+04	8.87415536E-07
1.44543977E+04	1.45378439E+04	1.46217717E+04	8.63023569E-07
1.46217717E+04	1.47061842E+04	1.47910839E+04	8.39270506E-07
1.47910839E+04	1.48764737E+04	1.49623566E+04	8.16140803E-07
1.49623566E+04	1.50487352E+04	1.51356125E+04	7.93619246E-07
1.51356125E+04	1.52229913E+04	1.53108746E+04	7.71690954E-07
1.53108746E+04	1.53992653E+04	1.54881662E+04	7.50341365E-07
1.54881662E+04	1.55775803E+04	1.56675107E+04	7.29556238E-07
1.56675107E+04	1.57579602E+04	1.58489319E+04	7.09321642E-07
1.58489319E+04	1.59404288E+04	1.60324539E+04	6.89623953E-07
1.60324539E+04	1.61250103E+04	1.62181010E+04	6.70449848E-07
1.62181010E+04	1.63117291E+04	1.64058977E+04	6.51786301E-07
1.64058977E+04	1.65006100E+04	1.65958691E+04	6.33620576E-07
1.65958691E+04	1.66916781E+04	1.67880402E+04	6.15940223E-07
1.67880402E+04	1.68849586E+04	1.69824365E+04	5.98733071E-07
1.69824365E+04	1.70804772E+04	1.71790839E+04	5.81987225E-07
1.71790839E+04	1.72782598E+04	1.73780083E+04	5.65691060E-07
1.73780083E+04	1.74783326E+04	1.75792361E+04	5.49833216E-07
1.75792361E+04	1.76807222E+04	1.77827941E+04	5.34402592E-07
1.77827941E+04	1.78854553E+04	1.79887092E+04	5.19388344E-07
1.79887092E+04	1.80925591E+04	1.81970086E+04	5.04779876E-07
1.81970086E+04	1.83020611E+04	1.84077200E+04	4.90566839E-07
1.84077200E+04	1.85139889E+04	1.86208714E+04	4.76739123E-07
1.86208714E+04	1.87283708E+04	1.88364909E+04	4.63286856E-07
1.88364909E+04	1.89452351E+04	1.90546072E+04	4.50200394E-07
1.90546072E+04	1.91646106E+04	1.92752491E+04	4.37470323E-07
1.92752491E+04	1.93865264E+04	1.94984460E+04	4.25087449E-07
1.94984460E+04	1.96110118E+04	1.97242274E+04	4.13042796E-07
1.97242274E+04	1.98380966E+04	1.99526231E+04	4.01327602E-07
1.99526231E+04	2.00678109E+04	2.01836636E+04	3.89933312E-07
2.01836636E+04	2.03001852E+04	2.04173794E+04	3.78851578E-07
2.04173794E+04	2.05352503E+04	2.06538016E+04	3.68074251E-07
2.06538016E+04	2.07730373E+04	2.08929613E+04	3.57593377E-07
2.08929613E+04	2.10135777E+04	2.11348904E+04	3.47401197E-07
2.11348904E+04	2.12569035E+04	2.13796209E+04	3.37490137E-07
2.13796209E+04	2.15030468E+04	2.16271852E+04	3.27852809E-07
2.16271852E+04	2.17520403E+04	2.18776162E+04	3.18482004E-07
2.18776162E+04	2.20039171E+04	2.21309471E+04	3.09370690E-07
2.21309471E+04	2.22587104E+04	2.23872114E+04	3.00512008E-07
2.23872114E+04	2.25164542E+04	2.26464431E+04	2.91899266E-07
2.26464431E+04	2.27771824E+04	2.29086765E+04	2.83525939E-07
2.29086765E+04	2.30409298E+04	2.31739465E+04	2.75385662E-07
2.31739465E+04	2.33077312E+04	2.34422882E+04	2.67472229E-07
2.34422882E+04	2.35776220E+04	2.37137371E+04	2.59779587E-07
2.37137371E+04	2.38506380E+04	2.39883292E+04	2.52301835E-07
2.39883292E+04	2.41268153E+04	2.42661010E+04	2.45033221E-07
2.42661010E+04	2.44061907E+04	2.45470892E+04	2.37968134E-07
2.45470892E+04	2.46888010E+04	2.48313311E+04	2.31101108E-07
2.48313311E+04	2.49746839E+04	2.51188643E+04	2.24426812E-07
2.51188643E+04	2.52638771E+04	2.54097271E+04	2.17940050E-07
2.54097271E+04	2.55564190E+04	2.57039578E+04	2.11635760E-07
2.57039578E+04	2.58523484E+04	2.60015956E+04	2.05509006E-07
2.60015956E+04	2.61517045E+04	2.63026799E+04	1.99554979E-07
2.63026799E+04	2.64545269E+04	2.66072506E+04	1.93768993E-07
2.66072506E+04	2.67608559E+04	2.69153480E+04	1.88146482E-07
2.69153480E+04	2.70707320E+04	2.72270131E+04	1.82682996E-07
2.72270131E+04	2.73841963E+04	2.75422870E+04	1.77374200E-07
2.75422870E+04	2.77012904E+04	2.78612117E+04	1.72215872E-07
2.78612117E+04	2.80220562E+04	2.81838293E+04	1.67203898E-07
2.81838293E+04	2.83465363E+04	2.85101827E+04	1.62334271E-07
2.85101827E+04	2.86747738E+04	2.88403150E+04	1.57603086E-07
2.88403150E+04	2.90068120E+04	2.91742701E+04	1.53006543E-07
2.91742701E+04	2.93426950E+04	2.95120923E+04	1.48540940E-07
2.95120923E+04	2.96824674E+04	2.98538262E+04	1.44202669E-07
2.98538262E+04	3.00261742E+04	3.01995172E+04	1.39988219E-07
3.01995172E+04	3.03738609E+04	3.05492111E+04	1.35894172E-07
3.05492111E+04	3.07255737E+04	3.09029543E+04	1.31917198E-07
3.09029543E+04	3.10813590E+04	3.12607937E+04	1.28054055E-07
3.12607937E+04	3.14412642E+04	3.16227766E+04	1.24301586E-07
3.16227766E+04	3.18053369E+04	3.19889511E+04	1.20656720E-07
3.19889511E+04	3.21736253E+04	3.23593657E+04	1.17116464E-07
3.23593657E+04	3.25461783E+04	3.27340695E+04	1.13677908E-07
3.27340695E+04	3.29230453E+04	3.31131121E+04	1.10338216E-07
3.31131121E+04	3.33042762E+04	3.34965439E+04	1.07094630E-07
3.34965439E+04	3.36899216E+04	3.38844156E+04	1.03944465E-07
3.38844156E+04	3.40800325E+04	3.42767787E+04	1.00885107E-07
3.42767787E+04	3.44746607E+04	3.46736850E+04	9.79140131E-08
3.46736850E+04	3.48738584E+04	3.50751874E+04	9.50287080E-08
3.50751874E+04	3.52776787E+04	3.54813389E+04	9.22267834E-08
3.54813389E+04	3.56861749E+04	3.58921935E+04	8.95058956E-08
3.58921935E+04	3.60994014E+04	3.63078055E+04	8.68637643E-08
3.63078055E+04	3.65174127E+04	3.67282300E+04	8.42981708E-08
3.67282300E+04	3.69402644E+04	3.71535229E+04	8.18069564E-08
3.71535229E+04	3.73680125E+04	3.75837404E+04	7.93880210E-08
3.75837404E+04	3.78007137E+04	3.80189396E+04	7.70393216E-08
3.80189396E+04	3.82384254E+04	3.84591782E+04	7.47588708E-08
3.84591782E+04	3.86812055E+04	3.89045145E+04	7.25447352E-08
3.89045145E+04	3.91291127E+04	3.93550075E+04	7.03950344E-08
3.93550075E+04	3.95822065E+04	3.98107171E+04	6.83079391E-08
3.98107171E+04	4.00405468E+04	4.02717034E+04	6.62816704E-08
4.02717034E+04	4.05041945E+04	4.07380278E+04	6.43144981E-08
4.07380278E+04	4.09732110E+04	4.12097519E+04	6.24047393E-08
4.12097519E+04	4.14476584E+04	4.16869383E+04	6.05507576E-08
4.16869383E+04	4.19275997E+04	4.21696503E+04	5.87509616E-08
4.21696503E+04	4.24130984E+04	4.26579519E+04	5.70038039E-08
4.26579519E+04	4.29042189E+04	4.31519077E+04	5.53077796E-08
4.31519077E+04	4.34010264E+04	4.36515832E+04	5.36614256E-08
4.36515832E+04	4.39035866E+04	4.41570447E+04	5.20633193E-08
4.41570447E+04	4.44119661E+04	4.46683592E+04	5.05120775E-08
4.46683592E+04	4.49262325E+04	4.51855944E+04	4.90063555E-08
4.51855944E+04	4.54464537E+04	4.57088190E+04	4.75448460E-08
4.57088190E+04	4.59726989E+04	4.62381021E+04	4.61262779E-08
4.62381021E+04	4.65050376E+04	4.67735141E+04	4.47494159E-08
4.67735141E+04	4.70435406E+04	4.73151259E+04	4.34130587E-08
4.73151259E+04	4.75882791E+04	4.78630092E+04	4.21160391E-08
4.78630092E+04	4.81393254E+04	4.84172368E+04	4.08572222E-08
4.84172368E+04	4.86967525E+04	4.89778819E+04	3.96355050E-08
4.89778819E+04	4.92606343E+04	4.95450191E+04	3.84498155E-08
4.95450191E+04	4.98310456E+04	5.01187234E+04	3.72991118E-08
5.01187234E+04	5.04080619E+04	5.06990708E+04	3.61823813E-08
5.06990708E+04	5.09917598E+04	5.12861384E+04	3.50986399E-08
5.12861384E+04	5.15822165E+04	5.18800039E+04	3.40469311E-08
5.18800039E+04	5.21795104E+04	5.24807460E+04	3.30263257E-08
5.24807460E+04	5.27837207E+04	5.30884444E+04	3.20359205E-08
5.30884444E+04	5.33949274E+04	5.37031796E+04	3.10748379E-08
5.37031796E+04	5.40132115E+04	5.43250331E+04	3.01422252E-08
5.43250331E+04	5.46386550E+04	5.49540874E+04	2.92372538E-08
5.49540874E+04	5.52713408E+04	5.55904257E+04	2.83591188E-08
5.55904257E+04	5.59113528E+04	5.62341325E+04	2.75070379E-08
5.62341325E+04	5.65587757E+04	5.68852931E+04	2.66802512E-08
5.68852931E+04	5.72136955E+04	5.75439937E+04	2.58780204E-08
5.75439937E+04	5.78761988E+04	5.82103218E+04	2.50996283E-08
5.82103218E+04	5.85463736E+04	5.88843655E+04	2.43443780E-08
5.88843655E+04	5.92243087E+04	5.95662144E+04	2.36115927E-08
5.95662144E+04	5.99100939E+04	6.02559586E+04	2.29006147E-08
6.02559586E+04	6.06038201E+04	6.09536897E+04	2.22108054E-08
6.09536897E+04	6.13055792E+04	6.16595002E+04	2.15415444E-08
6.16595002E+04	6.20154644E+04	6.23734835E+04	2.08922288E-08
6.23734835E+04	6.27335696E+04	6.30957344E+04	2.02622734E-08
6.30957344E+04	6.34599901E+04	6.38263486E+04	1.96511096E-08
6.38263486E+04	6.41948222E+04	6.45654229E+04	1.90581852E-08
6.45654229E+04	6.49381632E+04	6.53130553E+04	1.84829638E-08
6.53130553E+04	6.56901116E+04	6.60693448E+04	1.79249245E-08
6.60693448E+04	6.64507673E+04	6.68343918E+04	1.73835615E-08
6.68343918E+04	6.72202309E+04	6.76082975E+04	1.68583835E-08
6.76082975E+04	6.79986045E+04	6.83911647E+04	1.63489134E-08
6.83911647E+04	6.87859912E+04	6.91830971E+04	1.58546879E-08
6.91830971E+04	6.95824955E+04	6.99841996E+04	1.53752571E-08
6.99841996E+04	7.03882228E+04	7.07945784E+04	1.49101840E-08
7.07945784E+04	7.12032800E+04	7.16143410E+04	1.44590444E-08
7.16143410E+04	7.20277751E+04	7.24435960E+04	1.40214265E-08
7.24435960E+04	7.28618175E+04	7.32824533E+04	1.35969302E-08
7.32824533E+04	7.37055175E+04	7.41310241E+04	1.31851671E-08
7.41310241E+04	7.45589872E+04	7.49894209E+04	1.27857602E-08
7.49894209E+04	7.54223396E+04	7.58577575E+04	1.23983434E-08
7.58577575E+04	7.62956891E+04	7.67361489E+04	1.20225612E-08
7.67361489E+04	7.71791516E+04	7.76247117E+04	1.16580685E-08
7.76247117E+04	7.80728440E+04	7.85235635E+04	1.13045302E-08
7.85235635E+04	7.89768849E+04	7.94328235E+04	1.09616212E-08
7.94328235E+04	7.98913942E+04	8.03526122E+04	1.06290255E-08
8.03526122E+04	8.08164929E+04	8.12830516E+04	1.03064368E-08
8.12830516E+04	8.17523038E+04	8.22242650E+04	9.99355730E-09
8.22242650E+04	8.26989509E+04	8.31763771E+04	9.69009823E-09
8.31763771E+04	8.36565596E+04	8.41395142E+04	9.39577915E-09
8.41395142E+04	8.46252569E+04	8.51138038E+04	9.11032784E-09
8.51138038E+04	8.56051712E+04	8.60993752E+04	8.83348008E-09
8.60993752E+04	8.65964323E+04	8.70963590E+04	8.56497939E-09
8.70963590E+04	8.75991718E+04	8.81048873E+04	8.30457683E-09
8.81048873E+04	8.86135224E+04	8.91250938E+04	8.05203076E-09
8.91250938E+04	8.96396186E+04	9.01571138E+04	7.80710665E-09
9.01571138E+04	9.06775965E+04	9.12010839E+04	7.56957687E-09
9.12010839E+04	9.17275935E+04	9.22571427E+04	7.33922048E-09
9.22571427E+04	9.27897490E+04	9.33254301E+04	7.11582305E-09
9.33254301E+04	9.38642037E+04	9.44060876E+04	6.89917647E-09
9.44060876E+04	9.49510999E+04	9.54992586E+04	6.68907878E-09
9.54992586E+04	9.60505818E+04	9.66050879E+04	6.48533395E-09
9.66050879E+04	9.71627952E+04	9.77237221E+04	6.28775177E-09
9.77237221E+04	9.82878873E+04	9.88553095E+04	6.09614761E-09
9.88553095E+04	9.94260074E+04	1.00000000E+05	5.91034233E-09
1.00000000E+05	1.00577306E+05	1.01157945E+05	5.73016208E-09
1.01157945E+05	1.01741937E+05	1.02329299E+05	5.55543814E-09
1.02329299E+05	1.02920053E+05	1.03514217E+05	5.38600680E-09
1.03514217E+05	1.04111811E+05	1.04712855E+05	5.22170919E-09
1.04712855E+05	1.05317369E+05	1.05925373E+05	5.06239115E-09
1.05925373E+05	1.06536886E+05	1.07151931E+05	4.90790311E-09
1.07151931E+05	1.07770525E+05	1.08392691E+05	4.75809991E-09
1.08392691E+05	1.09018449E+05	1.09647820E+05	4.61284071E-09
1.09647820E+05	1.10280823E+05	1.10917482E+05	4.47198886E-09
1.10917482E+05	1.11557815E+05	1.12201845E+05	4.33541176E-09
1.12201845E+05	1.12849594E+05	1.13501082E+05	4.20298077E-09
1.13501082E+05	1.14156330E+05	1.14815362E+05	4.07457105E-09
1.14815362E+05	1.15478198E+05	1.16144861E+05	3.95006150E-09
1.16144861E+05	1.16815373E+05	1.17489755E+05	3.82933461E-09
1.17489755E+05	1.18168031E+05	1.18850223E+05	3.71227638E-09
1.18850223E+05	1.19536353E+05	1.20226443E+05	3.59877620E-09
1.20226443E+05	1.20920518E+05	1.21618600E+05	3.48872677E-09
1.21618600E+05	1.22320712E+05	1.23026877E+05	3.38202398E-09
1.23026877E+05	1.23737119E+05	1.24451461E+05	3.27856684E-09
1.24451461E+05	1.25169927E+05	1.25892541E+05	3.17825735E-09
1.25892541E+05	1.26619327E+05	1.27350308E+05	3.08100047E-09
1.27350308E+05	1.28085509E+05	1.28824955E+05	2.98670399E-09
1.28824955E+05	1.29568670E+05	1.30316678E+05	2.89527843E-09
1.30316678E+05	1.31069004E+05	1.31825674E+05	2.80663703E-09
1.31825674E+05	1.32586712E+05	1.33352143E+05	2.72069560E-09
1.33352143E+05	1.34121994E+05	1.34896288E+05	2.63737248E-09
1.34896288E+05	1.35675053E+05	1.36458314E+05	2.55658845E-09
1.36458314E+05	1.37246096E+05	1.38038426E+05	2.47826666E-09
1.38038426E+05	1.38835331E+05	1.39636836E+05	2.40233258E-09
1.39636836E+05	1.40442968E+05	1.41253754E+05	2.32871390E-09
1.41253754E+05	1.42069221E+05	1.42889396E+05	2.25734049E-09
1.42889396E+05	1.43714305E+05	1.44543977E+05	2.18814432E-09
1.44543977E+05	1.45378439E+05	1.46217717E+05	2.12105939E-09
1.46217717E+05	1.47061842E+05	1.47910839E+05	2.05602172E-09
1.47910839E+05	1.48764737E+05	1.49623566E+05	1.99296920E-09
1.49623566E+05	1.50487352E+05	1.51356125E+05	1.93184163E-09
1.51356125E+05	1.52229913E+05	1.53108746E+05	1.87258061E-09
1.53108746E+05	1.53992653E+05	1.54881662E+05	1.81512948E-09
1.54881662E+05	1.55775803E+05	1.56675107E+05	1.75943330E-09
1.56675107E+05	1.57579602E+05	1.58489319E+05	1.70543878E-09
1.58489319E+05	1.59404288E+05	1.60324539E+05	1.65309424E-09
1.60324539E+05	1.61250103E+05	1.62181010E+05	1.60234955E-09
1.62181010E+05	1.63117291E+05	1.64058977E+05	1.55315610E-09
1.64058977E+05	1.65006100E+05	1.65958691E+05	1.50546673E-09
1.65958691E+05	1.66916781E+05	1.67880402E+05	1.45923571E-09
1.67880402E+05	1.68849586E+05	1.69824365E+05	1.41441871E-09
1.69824365E+05	1.70804772E+05	1.71790839E+05	1.37097269E-09
1.71790839E+05	1.72782598E+05	1.73780083E+05	1.32885596E-09
1.73780083E+05	1.74783326E+05	1.75792361E+05	1.28802806E-09
1.75792361E+05	1.76807222E+05	1.77827941E+05	1.24844975E-09
1.77827941E+05	1.78854553E+05	1.79887092E+05	1.21008300E-09
1.79887092E+05	1.80925591E+05	1.81970086E+05	1.17289091E-09
1.81970086E+05	1.83020611E+05	1.84077200E+05	1.13683769E-09
1.84077200E+05	1.85139889E+05	1.86208714E+05	1.10188866E-09
1.86208714E+05	1.87283708E+05	1.88364909E+05	1.06801016E-09
1.88364909E+05	1.89452351E+05	1.90546072E+05	1.03516955E-09
1.90546072E+05	1.91646106E+05	1.92752491E+05	1.00333521E-09
1.92752491E+05	1.93865264E+05	1.94984460E+05	9.72476451E-10
1.94984460E+05	1.96110118E+05	1.97242274E+05	9.42563510E-10
1.97242274E+05	1.98380966E+05	1.99526231E+05	9.13567539E-10
1.99526231E+05	2.00678109E+05	2.01836636E+05	8.85460560E-10
2.01836636E+05	2.03001852E+05	2.04173794E+05	8.58215443E-10
2.04173794E+05	2.05352503E+05	2.06538016E+05	8.31805880E-10
2.06538016E+05	2.07730373E+05	2.08929613E+05	8.06206362E-10
2.08929613E+05	2.10135777E+05	2.11348904E+05	7.81392153E-10
2.11348904E+05	2.12569035E+05	2.13796209E+05	7.57339269E-10
2.13796209E+05	2.15030468E+05	2.16271852E+05	7.34024454E-10
2.16271852E+05	2.17520403E+05	2.18776162E+05	7.11425156E-10
2.18776162E+05	2.20039171E+05	2.21309471E+05	6.89519510E-10
2.21309471E+05	2.22587104E+05	2.23872114E+05	6.68286316E-10
2.23872114E+05	2.25164542E+05	2.26464431E+05	6.47705016E-10
2.26464431E+05	2.27771824E+05	2.29086765E+05	6.27755678E-10
2.29086765E+05	2.30409298E+05	2.31739465E+05	6.08418976E-10
2.31739465E+05	2.33077312E+05	2.34422882E+05	5.89676171E-10
2.34422882E+05	2.35776220E+05	2.37137371E+05	5.71509096E-10
2.37137371E+05	2.38506380E+05	2.39883292E+05	5.53900135E-10
2.39883292E+05	2.41268153E+05	2.42661010E+05	5.36832208E-10
2.42661010E+05	2.44061907E+05	2.45470892E+05	5.20288756E-10
2.45470892E+05	2.46888010E+05	2.48313311E+05	5.04253723E-10
2.48313311E+05	2.49746839E+05	2.51188643E+05	4.88711543E-10
2.51188643E+05	2.52638771E+05	2.54097271E+05	4.73647124E-10
2.54097271E+05	2.55564190E+05	2.57039578E+05	4.59045832E-10
2.57039578E+05	2.58523484E+05	2.60015956E+05	4.44893482E-10
2.60015956E+05	2.61517045E+05	2.63026799E+05	4.31176320E-10
2.63026799E+05	2.64545269E+05	2.66072506E+05	4.17881009E-10
2.66072506E+05	2.67608559E+05	2.69153480E+05	4.04994623E-10
2.69153480E+05	2.70707320E+05	2.72270131E+05	3.92504628E-10
2.72270131E+05	2.73841963E+05	2.75422870E+05	3.80398871E-10
2.75422870E+05	2.77012904E+05	2.78612117E+05	3.68665572E-10
2.78612117E+05	2.80220562E+05	2.81838293E+05	3.57293310E-10
2.81838293E+05	2.83465363E+05	2.85101827E+05	3.46271011E-10
2.85101827E+05	2.86747738E+05	2.88403150E+05	3.35587943E-10
2.88403150E+05	2.90068120E+05	2.91742701E+05	3.25233697E-10
2.91742701E+05	2.93426950E+05	2.95120923E+05	3.15198186E-10
2.95120923E+05	2.96824674E+05	2.98538262E+05	3.05471627E-10
2.98538262E+05	3.00261742E+05	3.01995172E+05	2.96044540E-10
3.01995172E+05	3.03738609E+05	3.05492111E+05	2.86907732E-10
3.05492111E+05	3.07255737E+05	3.09029543E+05	2.78052292E-10
3.09029543E+05	3.10813590E+05	3.12607937E+05	2.69469582E-10
3.12607937E+05	3.14412642E+05	3.16227766E+05	2.61151226E-10
3.16227766E+05	3.18053369E+05	3.19889511E+05	2.53089107E-10
3.19889511E+05	3.21736253E+05	3.23593657E+05	2.45275354E-10
3.23593657E+05	3.25461783E+05	3.27340695E+05	2.37702338E-10
3.27340695E+05	3.29230453E+05	3.31131121E+05	2.30362662E-10
3.31131121E+05	3.33042762E+05	3.34965439E+05	2.23249158E-10
3.34965439E+05	3.36899216E+05	3.38844156E+05	2.16354875E-10
3.38844156E+05	3.40800325E+05	3.42767787E+05	2.09673076E-10
3.42767787E+05	3.44746607E+05	3.46736850E+05	2.03197229E-10
3.46736850E+05	3.48738584E+05	3.50751874E+05	1.96921004E-10
3.50751874E+05	3.52776787E+05	3.54813389E+05	1.90838263E-10
3.54813389E+05	3.56861749E+05	3.58921935E+05	1.84943057E-10
3.58921935E+05	3.60994014E+05	3.63078055E+05	1.79229620E-10
3.63078055E+05	3.65174127E+05	3.67282300E+05	1.73692361E-10
3.67282300E+05	3.69402644E+05	3.71535229E+05	1.68325861E-10
3.71535229E+05	3.73680125E+05	3.75837404E+05	1.63124867E-10
3.75837404E+05	3.78007137E+05	3.80189396E+05	1.58084288E-10
3.80189396E+05	3.82384254E+05	3.84591782E+05	1.53199188E-10
3.84591782E+05	3.86812055E+05	3.89045145E+05	1.48464783E-10
3.89045145E+05	3.91291127E+05	3.93550075E+05	1.43876436E-10
3.93550075E+05	3.95822065E+05	3.98107171E+05	1.39429650E-10
3.98107171E+05	4.00405468E+05	4.02717034E+05	1.35120068E-10
4.02717034E+05	4.05041945E+05	4.07380278E+05	1.30943468E-10
4.07380278E+05	4.09732110E+05	4.12097519E+05	1.26895755E-10
4.12097519E+05	4.14476584E+05	4.16869383E+05	1.22972960E-10
4.16869383E+05	4.19275997E+05	4.21696503E+05	1.19171237E-10
4.21696503E+05	4.24130984E+05	4.26579519E+05	1.15486857E-10
4.26579519E+05	4.29042189E+05	4.31519077E+05	1.11916206E-10
4.31519077E+05	4.34010264E+05	4.36515832E+05	1.08455782E-10
4.36515832E+05	4.39035866E+05	4.41570447E+05	1.05102188E-10
4.41570447E+05	4.44119661E+05	4.46683592E+05	1.01852135E-10
4.46683592E+05	4.49262325E+05	4.51855944E+05	9.87024301E-11
4.51855944E+05	4.54464537E+05	4.57088190E+05	9.56499831E-11
4.57088190E+05	4.59726989E+05	4.62381021E+05	9.26917964E-11
4.62381021E+05	4.65050376E+05	4.67735141E+05	8.98249652E-11
4.67735141E+05	4.70435406E+05	4.73151259E+05	8.70466738E-11
4.73151259E+05	4.75882791E+05	4.78630092E+05	8.43541930E-11
4.78630092E+05	4.81393254E+05	4.84172368E+05	8.17448775E-11
4.84172368E+05	4.86967525E+05	4.89778819E+05	7.92161636E-11
4.89778819E+05	4.92606343E+05	4.95450191E+05	7.67655660E-11
4.95450191E+05	4.98310456E+05	5.01187234E+05	7.43906763E-11
5.01187234E+05	5.04080619E+05	5.06990708E+05	7.20891598E-11
5.06990708E+05	5.09917598E+05	5.12861384E+05	6.98587537E-11
5.12861384E+05	5.15822165E+05	5.18800039E+05	6.76972649E-11
5.18800039E+05	5.21795104E+05	5.24807460E+05	6.56025678E-11
5.24807460E+05	5.27837207E+05	5.30884444E+05	6.35726020E-11
5.30884444E+05	5.33949274E+05	5.37031796E+05	6.16053707E-11
5.37031796E+05	5.40132115E+05	5.43250331E+05	5.96989384E-11
5.43250331E+05	5.46386550E+05	5.49540874E+05	5.78514294E-11
5.49540874E+05	5.52713408E+05	5.55904257E+05	5.60610255E-11
5.55904257E+05	5.59113528E+05	5.62341325E+05	5.43259646E-11
5.62341325E+05	5.65587757E+05	5.68852931E+05	5.26445387E-11
5.68852931E+05	5.72136955E+05	5.75439937E+05	5.10150926E-11
5.75439937E+05	5.78761988E+05	5.82103218E+05	4.94360220E-11
5.82103218E+05	5.85463736E+05	5.88843655E+05	4.79057720E-11
5.88843655E+05	5.92243087E+05	5.95662144E+05	4.64228354E-11
5.95662144E+05	5.99100939E+05	6.02559586E+05	4.49857518E-11
6.02559586E+05	6.06038201E+05	6.09536897E+05	4.35931054E-11
6.09536897E+05	6.13055792E+05	6.16595002E+05	4.22435244E-11
6.16595002E+05	6.20154644E+05	6.23734835E+05	4.09356790E-11
6.23734835E+05	6.27335696E+05	6.30957344E+05	3.96682803E-11
6.30957344E+05	6.34599901E+05	6.38263486E+05	3.84400795E-11
6.38263486E+05	6.41948222E+05	6.45654229E+05	3.72498659E-11
6.45654229E+05	6.49381632E+05	6.53130553E+05	3.60964663E-11
6.53130553E+05	6.56901116E+05	6.60693448E+05	3.49787437E-11
6.60693448E+05	6.64507673E+05	6.68343918E+05	3.38955960E-11
6.68343918E+05	6.72202309E+05	6.76082975E+05	3.28459552E-11
6.76082975E+05	6.79986045E+05	6.83911647E+05	3.18287862E-11
6.83911647E+05	6.87859912E+05	6.91830971E+05	3.08430857E-11
6.91830971E+05	6.95824955E+05	6.99841996E+05	2.98878817E-11
6.99841996E+05	7.03882228E+05	7.07945784E+05	2.89622316E-11
7.07945784E+05	7.12032800E+05	7.16143410E+05	2.80652225E-11
7.16143410E+05	7.20277751E+05	7.24435960E+05	2.71959691E-11
7.24435960E+05	7.28618175E+05	7.32824533E+05	2.63536138E-11
7.32824533E+05	7.37055175E+05	7.41310241E+05	2.55373253E-11
7.41310241E+05	7.45589872E+05	7.49894209E+05	2.47462980E-11
7.49894209E+05	7.54223396E+05	7.58577575E+05	2.39797510E-11
7.58577575E+05	7.62956891E+05	7.67361489E+05	2.32369277E-11
7.67361489E+05	7.71791516E+05	7.76247117E+05	2.25170948E-11
7.76247117E+05	7.80728440E+05	7.85235635E+05	2.18195416E-11
7.85235635E+05	7.89768849E+05	7.94328235E+05	2.11435792E-11
7.94328235E+05	7.98913942E+05	8.03526122E+05	2.04885402E-11
8.03526122E+05	8.08164929E+05	8.12830516E+05	1.98537777E-11
8.12830516E+05	8.17523038E+05	8.22242650E+05	1.92386648E-11
8.22242650E+05	8.26989509E+05	8.31763771E+05	1.86425937E-11
8.31763771E+05	8.36565596E+05	8.41395142E+05	1.80649758E-11
8.41395142E+05	8.46252569E+05	8.51138038E+05	1.75052404E-11
8.51138038E+05	8.56051712E+05	8.60993752E+05	1.69628345E-11
8.60993752E+05	8.65964323E+05	8.70963590E+05	1.64372220E-11
8.70963590E+05	8.75991718E+05	8.81048873E+05	1.59278837E-11
8.81048873E+05	8.86135224E+05	8.91250938E+05	1.54343162E-11
8.91250938E+05	8.96396186E+05	9.01571138E+05	1.49560316E-11
9.01571138E+05	9.06775965E+05	9.12010839E+05	1.44925573E-11
9.12010839E+05	9.17275935E+05	9.22571427E+05	1.40434350E-11
9.22571427E+05	9.27897490E+05	9.33254301E+05	1.36082208E-11
9.33254301E+05	9.38642037E+05	9.44060876E+05	1.31864844E-11
9.44060876E+05	9.49510999E+05	9.54992586E+05	1.27778089E-11
9.54992586E+05	9.60505818E+05	9.66050879E+05	1.23817902E-11
9.66050879E+05	9.71627952E+05	9.77237221E+05	1.19980366E-11
9.77237221E+05	9.82878873E+05	9.88553095E+05	1.16261686E-11
9.88553095E+05	9.94260074E+05	1.00000000E+06	1.12658185E-11
